tables/01-dr16q_1k_class.ecsv
# %ECSV 1.0
# ---
# datatype:
# - name: SDSS
#   datatype: string
#   description: SDSS-DR16 designation (HHMMSS.ss+DDMMSS.s; J2000) (SDSS_NAME)
#   meta: !!omap
#   - {ucd: ID_MAIN}
#   - {_votable_string_dtype: char}
# - name: RAJ2000
#   unit: deg
#   datatype: float64
#   format: '{:10.6f}'
#   description: Right Ascension (J2000) (RA)
#   meta: !!omap
#   - {ucd: POS_EQ_RA_MAIN}
#   - {width: 10}
#   - {precision: '6'}
# - name: DEJ2000
#   unit: deg
#   datatype: float64
#   format: '{:10.6f}'
#   description: '[-17.53/84.44] Declination (J2000) (DEC)'
#   meta: !!omap
#   - {ucd: POS_EQ_DEC_MAIN}
#   - {width: 10}
#   - {precision: '6'}
# - name: Plate
#   datatype: int32
#   description: Spectroscopic plate number (G1)
#   meta: !!omap
#   - {ucd: ID_PLATE}
#   - {width: 5}
# - name: _tab1_5
#   datatype: int32
#   description: '[51608/58543] Spectroscopic Modified Julian Date (G1)'
#   meta: !!omap
#   - {ucd: TIME_DATE}
#   - {width: 5}
# - name: Fiber
#   datatype: int16
#   description: Spectroscopic fiber number (FIBERID) (G1)
#   meta: !!omap
#   - {ucd: ID_FIBER}
#   - {width: 4}
# - name: Class
#   datatype: int16
#   description: '[0/50]? Object classification from visual inspection (CLASS_PERSON) (2) [NULL integer written as an empty string]'
#   meta: !!omap
#   - {ucd: CLASS_OBJECT}
#   - {width: 2}
#   - values: {'null': -32768}
# - name: QSO
#   datatype: uint8
#   description: '[1/2] Flag indicating quasars included in final catalog (1=QSO; 2=questionable -- see Section 3.6) (IS_QSO_FINAL)'
#   meta: !!omap
#   - {ucd: CODE_MISC}
#   - {width: 1}
# - name: z
#   datatype: float64
#   format: '{:11.6f}'
#   description: '[-0.0027/7.03]? Best available redshift'
#   meta: !!omap
#   - {ucd: REDSHIFT_HC}
#   - {width: 11}
#   - {precision: '6'}
#   - values: {'null': .nan}
# - name: r_z
#   datatype: string
#   description: Source for redshift z (SOURCE_Z) (3)
#   meta: !!omap
#   - {ucd: REFER_CODE}
#   - {_votable_string_dtype: char}
# - name: umag
#   unit: mag
#   datatype: float64
#   format: '{:10.4f}'
#   description: '[14.2/31]? PSF (AB) magnitude in u band (not corrected for Galactic extinction) (PSFMAGu)'
#   meta: !!omap
#   - {ucd: PHOT_SDSS_U}
#   - {width: 10}
#   - {precision: '4'}
#   - values: {'null': .nan}
# - name: gmag
#   unit: mag
#   datatype: float64
#   format: '{:10.4f}'
#   description: '[14.3/26.4]? PSF (AB) magnitude in g band (not corrected for Galactic extinction) (PSFMAGg)'
#   meta: !!omap
#   - {ucd: PHOT_SDSS_G}
#   - {width: 10}
#   - {precision: '4'}
#   - values: {'null': .nan}
# - name: rmag
#   unit: mag
#   datatype: float64
#   format: '{:10.4f}'
#   description: '[14.4/26.6]? PSF (AB) magnitude in r band (not corrected for Galactic extinction) (PSFMAGr)'
#   meta: !!omap
#   - {ucd: PHOT_SDSS_R}
#   - {width: 10}
#   - {precision: '4'}
#   - values: {'null': .nan}
# - name: imag
#   unit: mag
#   datatype: float64
#   format: '{:10.4f}'
#   description: '[14/30]? PSF (AB) magnitude in i band (not corrected for Galactic extinction) (PSFMAGi)'
#   meta: !!omap
#   - {ucd: PHOT_SDSS_I}
#   - {width: 10}
#   - {precision: '4'}
#   - values: {'null': .nan}
# - name: zmag
#   unit: mag
#   datatype: float64
#   format: '{:10.4f}'
[...]
#   - {ucd: PHOT_IR_4.2}
#   - {width: 12}
#   - {precision: E5}
# - name: fracW2
#   datatype: float64
#   format: '{:9.6f}'
#   description: '[-1/1] Fraction of source in the profile-weighted fit (W2_SRC_FRAC)'
#   meta: !!omap
#   - {ucd: FIT_RATIO}
#   - {width: 9}
#   - {precision: '6'}
# - name: _2RXS
#   datatype: string
#   description: 2nd ROSAT identifier ( 2RXS_ID)
#   meta: !!omap
#   - {ucd: ID_CROSSID}
#   - {_votable_string_dtype: char}
# - name: Gaia
#   datatype: int64
#   description: '? Gaia DR2 identifier (GAIA_DESIGNATION) [NULL integer written as an empty string]'
#   meta: !!omap
#   - {ucd: ID_CROSSID}
#   - {width: 19}
#   - values: {'null': -9223372036854775808}
# - name: Sp
#   datatype: string
#   description: Display the SDSS data for this quasar
#   meta: !!omap
#   - {ucd: DATA_LINK}
#   - {_votable_string_dtype: char}
# - name: Simbad
#   datatype: string
#   description: Simbad column added by the CDS
#   meta: !!omap
#   - {ucd: DATA_LINK}
#   - {_votable_string_dtype: char}
# - {name: class, datatype: string}
# - {name: subclass, datatype: string}
# - {name: sppixmask, datatype: string}
# - {name: zwarning, datatype: string}
# - {name: good, datatype: bool}
# - {name: snr, datatype: float64}
# meta: !!omap
# - {ID: VII_289_dr16q}
# - {description: The SDSS quasar-only catalog from DR16 (DR16Q)}
# - {name: VII/289/dr16q}
# schema: astropy-2.0
SDSS RAJ2000 DEJ2000 Plate _tab1_5 Fiber Class QSO z r_z umag gmag rmag imag zmag e_umag e_gmag e_rmag e_imag e_zmag Extu Extg Extr Exti Extz FFUV FNUV FY FJ FH FK FW1 fracW1 FW2 fracW2 _2RXS Gaia Sp Simbad class subclass sppixmask zwarning good snr
[from data line 964]
125518.86+505332.6 193.828584 50.892412 6673 56419 190 3 1 2.723 VI 20.6959 19.8215 19.7639 19.7174 19.5778 0.0628381 0.0328093 0.0213335 0.0316282 0.0705096 0.055874 0.043537 0.030118 0.022381 0.016648 -0.1893 -0.106 "" "" "" "" 233.092 0.883394 485.932 0.895055 "" 1555982160744394624 Sp Simbad QSO BROADLINE "{25, 23}" set() True 9.462346007575954
221231.26+284517.4 333.130286 28.754841 7646 57570 986 0 1 1.106423 PIPE 20.6258 20.4781 20.2936 20.2901 20.0845 0.0720385 0.0231483 0.0331668 0.0371186 0.131463 0.414236 0.32277 0.223291 0.165929 0.123421 -0.1505 0.3357 "" "" "" "" 205.751 0.879004 412.32 0.889321 "" 1893393795086962304 Sp Simbad QSO "" "{16, 23}" set() True 4.476790118358793
021134.45+282835.1 32.893581 28.476434 7739 57673 26 0 1 0.690269 PIPE 19.2721 18.7951 18.7445 18.6649 18.6049 0.0358147 0.0240203 0.0177295 0.0224182 0.0442514 0.32199 0.250892 0.173566 0.128978 0.095936 5.9765 19.2172 "" "" "" "" 2069.1 0.946612 5836.66 0.954378 "" 107837179874571008 Sp Simbad QSO BROADLINE "{18, 23}" set() True 26.701987072180845
092049.59+282200.9 140.206649 28.366935 5797 56273 684 3 1 2.299 VI 22.5439 21.0371 21.4034 20.8774 20.4196 0.295537 0.0355403 0.0581816 0.0492914 0.116996 0.09717 0.075714 0.052379 0.038923 0.028952 0.0541 0.0745 "" "" "" "" 88.5054 0.845735 553.196 0.855316 "" 695561226213819392 Sp Simbad QSO BROADLINE "{27, 23}" set() True 1.7877896741344659
002649.44-025723.3 6.706023 -2.956493 7902 57362 750 0 1 2.860746 PIPE 22.9429 21.7805 21.5373 21.4887 21.6653 0.365559 0.0654699 0.0554702 0.0803104 0.326602 0.130748 0.101878 0.070479 0.052373 0.038956 0.2244 0.3282 "" "" "" "" 65.6053 0.843849 82.6178 0.850733 "" 2540690038548338048 Sp Simbad QSO "" "{16, 19, 23}" set() True 2.6312313057374452
075649.11+115257.7 119.20466 11.882705 4506 55568 269 3 1 2.536 VI 22.003 21.582 21.4952 21.564 21.5918 0.13984 0.045716 0.0530179 0.0864874 0.345145 0.100913 0.078631 0.054396 0.040422 0.030067 0.0 0.0 "" "" "" "" 62.7361 0.843488 -30.9688 0.0 "" "" Sp Simbad QSO "" "{16, 19, 4, 23}" set() False 1.7401124137679587
020150.15+120425.1 30.458985 12.073641 11078 58437 36 0 1 1.819921 PIPE 22.6192 21.9445 21.8122 21.3415 21.7815 0.264147 0.0594467 0.0971715 0.0864898 0.355252 0.737782 0.574875 0.397696 0.29553 0.21982 0.0783 0.1008 1.66873e-31 8.96132e-32 1.66824e-31 2.00182e-31 206.417 0.878667 619.056 0.892029 "" "" Sp Simbad QSO "" {23} {2} True 0.6202791390091751
235824.86+022346.5 359.603605 2.39625 9179 57682 870 3 1 0.525 VI 21.962 22.0003 22.2159 21.9092 21.5731 0.204675 0.0791535 0.124638 0.137413 0.36625 0.098816 0.076997 0.053266 0.039583 0.029442 0.0157 0.7387 6.03619e-32 5.68879e-32 8.08182e-33 1.48269e-31 173.545 0.83694 444.938 0.853611 "" "" Sp Simbad QSO "" "{16, 19, 23}" {2} True 1.216919646146067
221438.42+011803.2 333.660119 1.300904 9167 58064 114 0 1 1.287266 PIPE 21.1855 21.1368 20.9348 21.0311 20.7943 0.0792373 0.0325265 0.0348242 0.0499093 0.146096 0.158535 0.123529 0.085457 0.063504 0.047235 -0.1202 0.0021 "" "" "" "" 178.639 0.845149 541.824 0.891721 "" "" Sp Simbad QSO BROADLINE {23} set() True 3.359222501254694
015957.21+213601.6 29.988389 21.600463 7632 56987 663 0 1 1.103867 PIPE 20.2785 19.908 19.3339 19.326 19.3452 0.080883 0.0274921 0.0221549 0.0286086 0.0801306 0.38758 0.302 0.208922 0.155252 0.115479 0.0 0.0 "" "" "" "" 713.143 0.928691 2376.95 0.939607 "" 97456209560789632 Sp Simbad QSO BROADLINE {23} set() True 15.977774189302815
151317.51+275536.7 228.322986 27.926886 3872 55382 968 3 1 2.255 VI 20.59 19.8695 19.7559 19.6647 19.5307 0.0513602 0.0227236 0.0213739 0.0234986 0.06553 0.139078 0.108368 0.074969 0.05571 0.041438 0.3534 0.1696 "" "" "" "" 211.132 0.845337 542.525 0.857701 "" 1274564702236315264 Sp Simbad QSO BROADLINE "{16, 18, 19, 23}" set() True 10.644465683344063
113835.97+355221.0 174.649901 35.872524 8873 57427 386 0 1 0.590275 PIPE 21.8709 21.4409 21.2754 20.9364 21.5855 0.135507 0.0457329 0.0685495 0.0714336 0.496181 0.079853 0.062221 0.043044 0.031986 0.023792 1.5736 1.5302 "" "" "" "" 67.2292 0.845464 183.294 0.854382 "" "" Sp Simbad QSO "" {23} set() True 2.6509347044566134
231657.06+092510.5 349.237777 9.41961 6163 56219 686 3 1 2.232 VI 21.5332 21.0191 21.0758 21.0225 20.6859 0.146854 0.0382165 0.0506868 0.0660959 0.17435 0.176913 0.13785 0.095364 0.070866 0.052711 -0.2704 -0.1063 1.80316e-31 1.506e-31 2.02478e-31 3.37103e-31 59.3113 0.843611 209.611 0.853948 "" "" Sp Simbad QSO BROADLINE "{16, 27, 19, 23}" set() True 3.3855117951448426
082426.80+040400.0 126.111688 4.066675 1185 52642 172 0 1 0.690726 DR6Q_HW 20.4185 20.1874 20.1924 20.2733 20.1586 0.0495064 0.0211452 0.022632 0.0386734 0.100862 0.141823 0.104352 0.075685 0.057389 0.04069 -0.1012 -0.1182 3.89627e-31 4.31148e-31 4.43497e-31 6.09446e-31 442.665 0.910829 958.853 0.911464 "" 3092220081950919040 Sp Simbad QSO "" "{16, 23}" set() True 3.970385186886102
225746.82+053316.0 344.445104 5.554465 4413 55894 308 3 1 2.56 VI 21.6197 20.9612 20.7322 20.6806 20.435 0.123023 0.0300631 0.0332067 0.048682 0.142195 0.355625 0.2771 0.191697 0.142451 0.105958 -0.0225 0.0924 2.58863e-31 1.91602e-31 1.67302e-31 3.01561e-31 48.7039 0.843709 163.839 0.853457 "" 2663287195657625856 Sp Simbad QSO "" "{27, 23}" set() True 3.8694893250787032
090911.08+334601.8 137.296174 33.76718 10240 58158 795 0 1 1.874783 PIPE 21.1696 20.9309 20.7367 20.4474 20.5389 0.0782014 0.0322417 0.0381105 0.0383597 0.136611 0.09854 0.076782 0.053117 0.039472 0.02936 0.7876 2.027 "" "" "" "" 135.67 0.845706 585.98 0.891974 "" 714111258684728704 Sp Simbad QSO BROADLINE "{16, 27, 19, 23}" set() True 6.172016955618931
123031.88+452502.0 187.632838 45.417223 6636 56367 722 3 1 2.376 VI 22.3655 21.7899 21.7331 21.755 21.5363 0.191884 0.056003 0.0648547 0.100091 0.257302 0.053011 0.041306 0.028575 0.021234 0.015795 -0.1969 -0.0568 "" "" "" "" 52.2821 0.844059 -1.15374 0.0 "" "" Sp Simbad QSO BROADLINE "{16, 27, 19, 23}" set() True 2.2493035681838127
082559.25+295213.7 126.496907 29.870476 10663 58162 332 0 1 1.705061 PIPE 21.1165 20.911 20.968 20.6431 20.4799 0.0858444 0.0307404 0.0463053 0.057963 0.191193 0.180679 0.140784 0.097393 0.072374 0.053833 0.6931 1.3728 "" "" "" "" 114.552 0.848084 345.648 0.856814 "" 707625514470782720 Sp Simbad QSO BROADLINE {23} set() True 3.461428707359556
162116.88+453907.8 245.320348 45.652183 8542 57933 480 0 1 0.516967 PIPE 21.8506 21.3787 21.1132 20.7467 20.3849 0.181256 0.0536265 0.052295 0.0556212 0.150664 0.033178 0.025852 0.017885 0.01329 0.009885 0.0 0.0 "" "" "" "" 269.68 0.90849 702.67 0.917274 "" 1385886406257484160 Sp Simbad QSO BROADLINE {23} set() True 4.355326587016072
222431.59-003645.8 336.131663 -0.612744 9148 58039 619 0 1 1.812369 PIPE 21.6611 21.5368 21.5122 20.928 20.9377 0.109485 0.045523 0.0586178 0.0533396 0.181983 0.320198 0.249496 0.1726 0.12826 0.095402 -0.0463 0.1835 1.1139e-31 1.32349e-31 2.04493e-31 6.63565e-32 109.604 0.845213 304.91 0.855408 "" "" Sp Simbad QSO BROADLINE "{16, 19, 23}" set() True 3.0282351579103333
085039.98+603235.8 132.666587 60.543294 5709 56571 274 3 1 2.425 VI 23.4671 21.9177 21.8229 21.9268 21.9447 0.696226 0.0640442 0.115898 0.210051 0.642178 0.176291 0.137364 0.095028 0.070616 0.052525 -0.0166 0.0194 "" "" "" "" 115.544 0.92659 -20.8274 0.0 "" 1041318192465540096 Sp Simbad QSO "" {23} set() True 2.2070038191870753
125247.65+352839.9 193.198578 35.477751 8869 57481 375 0 1 1.504526 PIPE 21.1149 20.8101 20.6192 20.3727 20.4578 0.0816143 0.0300078 0.0321661 0.0379178 0.120971 0.058325 0.045447 0.03144 0.023363 0.017378 0.0926 0.5929 2.32802e-31 2.35502e-31 3.05282e-31 3.02788e-31 148.457 0.846327 558.278 0.892052 "" 1516754197205310592 Sp Simbad QSO BROADLINE {23} set() True 3.4617242092047333
155725.30+523201.4 239.355438 52.533735 8066 57544 579 0 1 1.878598 PIPE 21.4466 21.4124 21.3197 20.856 20.8945 0.0906942 0.0432526 0.0531926 0.0489239 0.171303 0.060102 0.046831 0.032398 0.024075 0.017907 -0.3359 -0.2596 "" "" "" "" 128.395 0.843849 396.419 0.853868 "" 1404693037254383232 Sp Simbad QSO BROADLINE {23} set() True 3.1467540578076454
121906.02+025433.5 184.775124 2.90931 4750 55630 816 3 1 2.277 VI 19.0634 18.4745 18.3197 18.2413 18.0011 0.0284262 0.0254643 0.0144923 0.0178165 0.0395233 0.079253 0.061754 0.042721 0.031746 0.023613 0.2787 0.3608 "" "" "" "" 975.644 0.936558 2342.38 0.942087 "" 3701300050011287552 Sp Simbad QSO BROADLINE {23} set() True 29.623963563411618
025318.92+001559.3 43.328864 0.266484 708 52175 462 0 1 1.374749 DR6Q_HW 20.7747 20.8221 20.2747 20.2318 20.192 0.0642732 0.0347425 0.0267379 0.0319648 0.11 0.425538 0.313107 0.227091 0.172196 0.122089 0.6768 2.238 2.83957e-31 3.84965e-31 4.89695e-31 5.15684e-31 278.793 0.883954 799.65 0.89669 "" 2498253558345109760 Sp Simbad QSO BROADLINE {23} set() True 3.419859177073222
005550.61+245240.7 13.960878 24.877997 6288 56192 936 3 1 2.296 VI 18.8639 18.3341 18.2644 18.2283 17.9852 0.0220591 0.0155792 0.0110275 0.0147958 0.0277272 0.221512 0.172601 0.119404 0.08873 0.065999 0.5917 0.4976 "" "" "" "" 884.439 0.937351 2704.67 0.947516 "" 2805197935934706688 Sp Simbad QSO BROADLINE {23} set() True 22.549863946823812
160838.30+205806.0 242.15961 20.968342 3924 55332 792 3 1 2.39 VI 22.2292 21.2717 21.5198 21.4463 20.7589 0.191889 0.0367645 0.0605753 0.0811474 0.182221 0.343229 0.267441 0.185015 0.137486 0.102264 -0.2797 -0.0669 "" "" "" "" 47.531 0.845212 84.9633 0.853574 "" 1204958370588833152 Sp Simbad QSO BROADLINE {23} set() True 2.0835626862177006
140601.80+110038.6 211.507534 11.010734 5450 55986 874 3 1 0.63 VI 21.4353 20.4891 20.0142 19.5317 19.5129 0.105851 0.0261173 0.0226283 0.0240265 0.0665774 0.101444 0.079045 0.054683 0.040635 0.030225 0.2529 1.0833 6.75481e-31 6.70508e-31 1.01885e-30 1.50189e-30 1011.36 0.93928 2295.96 0.945967 "" 3724178374428508800 Sp Simbad QSO BROADLINE "{16, 18, 19, 23}" set() True 7.215752618494352
163159.73+335113.1 247.998913 33.853662 5188 55803 390 3 1 2.98 VI 24.3971 21.8542 21.5401 21.7099 21.4318 0.571101 0.0570831 0.0513876 0.0926081 0.288779 0.088908 0.069276 0.047925 0.035613 0.02649 -0.359 0.6857 "" "" "" "" 55.7373 0.844748 65.8804 0.852809 "" "" Sp Simbad QSO "" "{18, 23}" set() True 1.7001062078383926
160000.50+454047.5 240.002097 45.679872 8506 57893 220 0 1 1.309353 PIPE 22.0135 21.7515 21.4679 21.5795 20.8184 0.227353 0.0697409 0.0717499 0.125411 0.187928 0.048713 0.037957 0.026259 0.019513 0.014514 0.0 0.0 "" "" "" "" 94.896 0.845478 292.754 0.889735 "" "" Sp Simbad QSO "" {23} set() True 1.8024588199675569
012229.93+034640.9 20.624711 3.778032 8762 57693 422 0 1 0.753252 PIPE 22.2912 20.9585 20.404 20.2432 19.8185 0.181516 0.0426323 0.033584 0.0411301 0.0886421 0.132629 0.103344 0.071493 0.053127 0.039516 0.0704 0.5806 "" "" "" "" 941.973 0.938479 2783.94 0.947592 "" 2562756923384798336 Sp Simbad QSO "" {23} set() True 1.9362664542776298
233417.15+234749.8 353.571469 23.797175 6519 56566 762 3 1 2.138 VI 20.7238 20.3023 20.1882 20.1151 19.8984 0.078609 0.0261984 0.0255537 0.0343566 0.0997826 0.283021 0.220528 0.15256 0.113369 0.084326 0.0315 -0.0823 "" "" "" "" 162.054 0.848546 564.28 0.896217 "" 2828116667404972544 Sp Simbad QSO BROADLINE "{16, 27, 19, 23}" set() True 5.570203232655415
111330.03+422145.9 168.375151 42.362771 8367 57429 718 0 1 1.096543 PIPE 20.2221 20.1188 19.9356 19.9753 19.9863 0.0443798 0.0328693 0.0271149 0.0282423 0.0805153 0.062853 0.048974 0.03388 0.025177 0.018727 0.2686 10.0871 "" "" "" "" 418.554 0.91003 1093.83 0.920668 "" 777708561718804480 Sp Simbad QSO BROADLINE "{16, 27, 19, 23}" set() True 8.029967086527813
001259.34+044039.7 3.247273 4.67771 8745 57391 558 0 1 1.371022 PIPE 20.6285 20.7014 20.4025 20.1729 20.2121 0.0795967 0.0337721 0.0322628 0.0375246 0.156986 0.094037 0.073273 0.05069 0.037668 0.028018 0.537 0.923 3.18138e-31 3.87881e-31 4.19906e-31 5.10902e-31 317.43 0.88345 1160.35 0.918824 "" 2741359427537140864 Sp Simbad QSO BROADLINE "{27, 23}" set() True 4.3811754098852465
142016.78+422246.7 215.069941 42.379664 8504 57518 871 3 1 0.797 VI 22.4498 21.9124 21.6639 21.5374 21.2625 0.191891 0.0557648 0.0600273 0.079433 0.231652 0.049589 0.03864 0.026731 0.019864 0.014775 -0.2323 0.709 "" "" "" "" 100.115 0.843825 131.219 0.857223 "" "" Sp Simbad QSO "" "{27, 23}" {2} True 1.2109428115209888
135244.57+463438.8 208.18572 46.577455 7428 56781 729 3 1 1.649 VI 22.1786 21.9483 22.0205 21.6925 21.4764 0.157345 0.0698633 0.0887983 0.112995 0.353193 0.087797 0.06841 0.047326 0.035168 0.026159 -0.2691 1.0 "" "" "" "" 74.7628 0.844095 141.648 0.858053 "" "" Sp Simbad QSO BROADLINE "{16, 17, 18, 19, 23, 25, 27}" set() True 1.7497339334534183
