tables/01-dr16q_1k_class.ecsv
# %ECSV 1.0
# ---
# datatype:
# - name: SDSS
#   datatype: string
#   description: SDSS-DR16 designation (HHMMSS.ss+DDMMSS.s; J2000) (SDSS_NAME)
#   meta: !!omap
#   - {ucd: ID_MAIN}
#   - {_votable_string_dtype: char}
# - name: RAJ2000
#   unit: deg
#   datatype: float64
#   format: '{:10.6f}'
#   description: Right Ascension (J2000) (RA)
#   meta: !!omap
#   - {ucd: POS_EQ_RA_MAIN}
#   - {width: 10}
#   - {precision: '6'}
# - name: DEJ2000
#   unit: deg
#   datatype: float64
#   format: '{:10.6f}'
#   description: '[-17.53/84.44] Declination (J2000) (DEC)'
#   meta: !!omap
#   - {ucd: POS_EQ_DEC_MAIN}
#   - {width: 10}
#   - {precision: '6'}
# - name: Plate
#   datatype: int32
#   description: Spectroscopic plate number (G1)
#   meta: !!omap
#   - {ucd: ID_PLATE}
#   - {width: 5}
# - name: _tab1_5
#   datatype: int32
#   description: '[51608/58543] Spectroscopic Modified Julian Date (G1)'
#   meta: !!omap
#   - {ucd: TIME_DATE}
#   - {width: 5}
# - name: Fiber
#   datatype: int16
#   description: Spectroscopic fiber number (FIBERID) (G1)
#   meta: !!omap
#   - {ucd: ID_FIBER}
#   - {width: 4}
# - name: Class
#   datatype: int16
#   description: '[0/50]? Object classification from visual inspection (CLASS_PERSON) (2) [NULL integer written as an empty string]'
#   meta: !!omap
#   - {ucd: CLASS_OBJECT}
#   - {width: 2}
#   - values: {'null': -32768}
# - name: QSO
#   datatype: uint8
#   description: '[1/2] Flag indicating quasars included in final catalog (1=QSO; 2=questionable -- see Section 3.6) (IS_QSO_FINAL)'
#   meta: !!omap
#   - {ucd: CODE_MISC}
#   - {width: 1}
# - name: z
#   datatype: float64
#   format: '{:11.6f}'
#   description: '[-0.0027/7.03]? Best available redshift'
#   meta: !!omap
#   - {ucd: REDSHIFT_HC}
#   - {width: 11}
#   - {precision: '6'}
#   - values: {'null': .nan}
# - name: r_z
#   datatype: string
#   description: Source for redshift z (SOURCE_Z) (3)
#   meta: !!omap
#   - {ucd: REFER_CODE}
#   - {_votable_string_dtype: char}
# - name: umag
#   unit: mag
#   datatype: float64
#   format: '{:10.4f}'
#   description: '[14.2/31]? PSF (AB) magnitude in u band (not corrected for Galactic extinction) (PSFMAGu)'
#   meta: !!omap
#   - {ucd: PHOT_SDSS_U}
#   - {width: 10}
#   - {precision: '4'}
#   - values: {'null': .nan}
# - name: gmag
#   unit: mag
#   datatype: float64
#   format: '{:10.4f}'
#   description: '[14.3/26.4]? PSF (AB) magnitude in g band (not corrected for Galactic extinction) (PSFMAGg)'
#   meta: !!omap
#   - {ucd: PHOT_SDSS_G}
#   - {width: 10}
#   - {precision: '4'}
#   - values: {'null': .nan}
# - name: rmag
#   unit: mag
#   datatype: float64
#   format: '{:10.4f}'
#   description: '[14.4/26.6]? PSF (AB) magnitude in r band (not corrected for Galactic extinction) (PSFMAGr)'
#   meta: !!omap
#   - {ucd: PHOT_SDSS_R}
#   - {width: 10}
#   - {precision: '4'}
#   - values: {'null': .nan}
# - name: imag
#   unit: mag
#   datatype: float64
#   format: '{:10.4f}'
#   description: '[14/30]? PSF (AB) magnitude in i band (not corrected for Galactic extinction) (PSFMAGi)'
#   meta: !!omap
#   - {ucd: PHOT_SDSS_I}
#   - {width: 10}
#   - {precision: '4'}
#   - values: {'null': .nan}
# - name: zmag
#   unit: mag
#   datatype: float64
#   format: '{:10.4f}'
[...]
#   - {ucd: PHOT_IR_4.2}
#   - {width: 12}
#   - {precision: E5}
# - name: fracW2
#   datatype: float64
#   format: '{:9.6f}'
#   description: '[-1/1] Fraction of source in the profile-weighted fit (W2_SRC_FRAC)'
#   meta: !!omap
#   - {ucd: FIT_RATIO}
#   - {width: 9}
#   - {precision: '6'}
# - name: _2RXS
#   datatype: string
#   description: 2nd ROSAT identifier ( 2RXS_ID)
#   meta: !!omap
#   - {ucd: ID_CROSSID}
#   - {_votable_string_dtype: char}
# - name: Gaia
#   datatype: int64
#   description: '? Gaia DR2 identifier (GAIA_DESIGNATION) [NULL integer written as an empty string]'
#   meta: !!omap
#   - {ucd: ID_CROSSID}
#   - {width: 19}
#   - values: {'null': -9223372036854775808}
# - name: Sp
#   datatype: string
#   description: Display the SDSS data for this quasar
#   meta: !!omap
#   - {ucd: DATA_LINK}
#   - {_votable_string_dtype: char}
# - name: Simbad
#   datatype: string
#   description: Simbad column added by the CDS
#   meta: !!omap
#   - {ucd: DATA_LINK}
#   - {_votable_string_dtype: char}
# - {name: class, datatype: string}
# - {name: subclass, datatype: string}
# - {name: sppixmask, datatype: string}
# - {name: zwarning, datatype: string}
# - {name: good, datatype: bool}
# - {name: snr, datatype: float64}
# meta: !!omap
# - {ID: VII_289_dr16q}
# - {description: The SDSS quasar-only catalog from DR16 (DR16Q)}
# - {name: VII/289/dr16q}
# schema: astropy-2.0
SDSS RAJ2000 DEJ2000 Plate _tab1_5 Fiber Class QSO z r_z umag gmag rmag imag zmag e_umag e_gmag e_rmag e_imag e_zmag Extu Extg Extr Exti Extz FFUV FNUV FY FJ FH FK FW1 fracW1 FW2 fracW2 _2RXS Gaia Sp Simbad class subclass sppixmask zwarning good snr
[from data line 505]
004746.57-004350.7 11.944063 -0.730774 7871 56902 544 0 1 1.607219 PIPE 21.5778 21.3039 21.3051 20.9933 20.864 0.0979142 0.0480165 0.0484517 0.0501407 0.147195 0.109349 0.085204 0.058944 0.043802 0.03258 0.1649 0.4438 1.56434e-31 4.97251e-32 1.26499e-31 1.74014e-31 129.318 0.843549 337.116 0.854678 "" 2530739385303177600 Sp Simbad QSO BROADLINE "{27, 23}" set() True 4.722915804426787
122343.77+431059.4 185.932398 43.183187 1452 53112 362 0 1 0.726128 DR6Q_HW 18.667 18.1389 18.0674 18.1685 18.0193 0.0190713 0.0281247 0.0218206 0.0125452 0.03225 0.077205 0.056807 0.041201 0.031241 0.02215 21.4975 38.261 "" "" "" "" 2714.85 0.8446 7800.84 0.855035 "" 1535160747704137728 Sp Simbad QSO BROADLINE {23} set() True 20.460464486403033
080138.06+174736.6 120.40859 17.793512 2081 53357 375 0 1 1.691229 DR6Q_HW 18.9397 18.7616 18.7052 18.5264 18.5169 0.0219984 0.013754 0.0152656 0.0150507 0.0293367 0.1381 0.101612 0.073698 0.055883 0.039622 0.0308 7.1664 "" "" "" "" 372.916 0.884153 1778.32 0.936331 "" 669075228051728256 Sp Simbad QSO BROADLINE "{4, 16, 17, 20, 23}" set() False 10.01916233214044
235331.25+280059.4 358.38022 28.016501 6511 56540 616 3 1 0.687 VI 20.754 20.114 20.0042 20.0774 19.6762 0.0748869 0.0225155 0.0259466 0.0381245 0.0940773 0.185431 0.144487 0.099955 0.074277 0.055249 1.2035 3.2555 "" "" "" "" 575.49 0.926126 1039.98 0.922365 "" 2854665372090179584 Sp Simbad QSO BROADLINE "{17, 26, 27, 23}" set() True 7.270456691153834
023853.85-021458.0 39.724399 -2.249446 4343 55540 730 3 1 0.736 VI 21.8739 21.1959 21.094 20.6932 20.1249 0.185631 0.0392859 0.0527495 0.0556815 0.127994 0.140548 0.109514 0.075761 0.056299 0.041876 0.3475 0.889 "" "" "" "" 633.06 0.928547 978.746 0.920633 "" "" Sp Simbad QSO "" "{16, 19, 23}" {2} True 3.0582851918682845
225429.27+003320.0 343.621974 0.55558 4206 55471 852 3 1 1.491 VI 21.3284 20.6391 20.2846 19.95 19.9166 0.0935305 0.0276963 0.0306351 0.0275069 0.0847091 0.357973 0.27893 0.192963 0.143392 0.106657 0.7198 2.1526 "" "" "" "" 98.9006 0.842142 612.966 0.849295 "" 2654917953665454464 Sp Simbad QSO BROADLINE "{16, 19, 23}" set() True 10.598783061241859
154213.12+044029.2 235.554685 4.674786 1836 54567 518 0 1 0.9362 DR7QV_SCH 19.9063 19.2625 18.9621 18.9551 18.6665 0.0349267 0.0191531 0.0146369 0.0218758 0.0315777 0.294419 0.216631 0.157119 0.119138 0.084471 1.8668 9.7139 1.39348e-30 2.69901e-30 1.88583e-30 2.31491e-30 1300.58 0.9397 3354.49 0.948473 "" 4427775518813517824 Sp Simbad QSO BROADLINE "{27, 23}" set() True 15.79689342892324
162845.41+144243.2 247.189234 14.712026 2203 53915 396 0 1 1.724792 DR6Q_HW 20.7604 20.4565 20.476 20.1678 20.1082 0.071588 0.0264775 0.0316294 0.0341759 0.125408 0.206577 0.151997 0.110241 0.083592 0.059268 0.3694 0.8468 "" "" "" "" 236.698 0.879075 750.01 0.896751 "" 4463840049960103936 Sp Simbad QSO BROADLINE {23} set() True 3.773361304212795
165418.32+424110.1 253.576374 42.686148 8533 58017 801 0 1 1.081998 PIPE 20.3187 20.1232 19.762 19.7457 19.5209 0.0444219 0.0244355 0.020879 0.029565 0.0737539 0.084351 0.065726 0.045469 0.033788 0.025132 0.0809 0.0 "" "" "" "" 437.209 0.928302 1481.24 0.939194 "" 1357941974640109056 Sp Simbad QSO BROADLINE "{16, 19, 23}" set() True 9.768399553548953
100736.06+000912.4 151.900269 0.15347 3829 55300 938 3 1 3.072 VI 20.5432 19.3352 19.0786 19.0174 19.0501 0.0601482 0.0218555 0.0209459 0.01878 0.0536839 0.130536 0.101712 0.070364 0.052288 0.038893 -0.198 -0.1589 7.28541e-31 8.08412e-31 7.9827e-31 6.63228e-31 262.06 0.881028 572.438 0.892696 "" 3834818759198389888 Sp Simbad QSO BROADLINE "{16, 19, 23}" set() True 14.191351322562324
081353.64-000650.1 123.473505 -0.11393 4788 55889 174 3 1 2.244 VI 22.5132 21.8984 22.0151 21.9429 21.2176 0.228247 0.0628442 0.0921675 0.12393 0.263117 0.177472 0.138285 0.095665 0.071089 0.052877 -0.3648 -0.0485 "" "" "" "" 15.4397 0.843864 22.9035 0.85246 "" "" Sp Simbad QSO BROADLINE "{18, 23}" set() True 1.282618202750681
162203.12+392020.7 245.513023 39.339086 10730 58244 154 0 1 1.305321 PIPE 21.2158 21.1855 21.0072 20.8876 20.9434 0.0964236 0.0393816 0.0426841 0.0596387 0.236745 0.03622 0.028222 0.019524 0.014508 0.010792 0.7539 2.7737 "" "" "" "" 154.975 0.878955 356.704 0.892397 "" 1332450931421632384 Sp Simbad QSO "" {23} set() True 4.221423729448647
224500.75+010748.6 341.253163 1.130173 9207 57667 650 0 1 0.797 DR7QV_SCH 21.0194 19.8384 19.0902 18.7237 18.3882 0.0683857 0.0268329 0.0200596 0.0186398 0.0311283 0.336894 0.262505 0.1816 0.134948 0.100377 0.04 0.8519 1.50448e-30 2.26455e-30 2.54014e-30 4.68248e-30 4608.75 0.951202 14299.0 0.958996 "" 2654503334702371968 Sp Simbad QSO BROADLINE {23} set() True 21.587046894686846
131550.39+230428.5 198.959977 23.07459 2651 54507 448 0 1 0.2574 DR7QV_SCH 20.1203 19.6461 18.8057 18.3875 17.9628 0.0411741 0.0327918 0.0220932 0.0211245 0.0280306 0.061681 0.045384 0.032917 0.02496 0.017697 -1.0 -1.0 "" "" "" "" 3609.1 0.950723 8778.33 0.957411 "" 1445964653607535872 Sp Simbad QSO "STARBURST BROADLINE" {23} set() True 11.614861761011218
000646.27+250238.1 1.692797 25.043926 7665 57328 863 0 1 0.188523 PIPE 18.4499 18.1211 17.7943 17.4802 17.502 0.0231889 0.017226 0.0168479 0.0141748 0.0205777 0.222414 0.173303 0.11989 0.089091 0.066268 -0.0626 0.0226 "" "" "" "" 8244.28 0.957556 21174.9 0.962339 J000643.7+250237 2850111542820529024 Sp Simbad QSO "STARBURST BROADLINE" "{27, 23}" set() True 39.135800602322945
092741.01+481531.6 141.920906 48.258801 7307 56720 522 3 1 1.743 VI 21.4757 21.2167 21.7353 21.1135 21.1538 0.0972596 0.0412177 0.0847486 0.0737625 0.258758 0.056618 0.044116 0.03052 0.022679 0.016869 0.0 0.0 "" "" "" "" 89.2449 0.845514 302.57 0.857751 "" "" Sp Simbad QSO BROADLINE "{27, 23}" set() True 2.483163601544628
103840.95+441527.9 159.67065 44.257759 8358 57451 607 0 1 1.640267 PIPE 21.0493 20.6751 20.4975 20.2686 20.4465 0.0756588 0.0322657 0.0364564 0.0368039 0.138129 0.046313 0.036087 0.024965 0.018551 0.013799 0.4825 1.4256 "" "" "" "" 207.611 0.84572 699.328 0.894886 "" 829317335424434176 Sp Simbad QSO BROADLINE {23} set() True 4.363645503034608
020056.37+295927.5 30.234893 29.990984 6271 56304 892 3 1 2.533 VI 20.3784 19.7769 19.7013 19.666 19.324 0.0908347 0.0249204 0.0270783 0.0331604 0.0971713 0.202837 0.158049 0.109338 0.08125 0.060435 0.0444 -0.1649 "" "" "" "" 187.379 0.845017 731.779 0.856812 "" 300791162628411648 Sp Simbad QSO BROADLINE {23} set() True 6.717905620806804
011104.51+080823.4 17.768813 8.139856 11072 58436 832 0 1 1.629796 PIPE 21.0895 20.79 20.4699 20.1175 20.3665 0.0979144 0.0348608 0.0377737 0.0419908 0.191555 0.387317 0.301795 0.20878 0.155146 0.1154 -0.1425 0.2474 1.40572e-31 2.65774e-31 3.2333e-31 3.59356e-31 173.963 0.847014 493.256 0.889086 "" 2577904414044376960 Sp Simbad QSO BROADLINE {23} set() True 3.7378531841334484
084409.73+304508.5 131.040563 30.75237 10665 58456 660 0 1 0.630726 PIPE 21.5847 21.4051 21.106 20.8506 20.7875 0.136357 0.0609801 0.0500397 0.0691735 0.226331 0.195296 0.152174 0.105273 0.078229 0.058188 0.4687 1.2554 "" "" "" "" 276.77 0.881219 390.19 0.887873 "" "" Sp Simbad QSO BROADLINE "{16, 19, 23}" set() True 2.6821356059747905
012301.67+173523.7 20.756997 17.589929 7621 56985 88 0 1 2.288231 PIPE 21.9356 21.4619 21.3618 20.8305 20.5365 0.15133 0.0457311 0.057298 0.0568548 0.144674 0.584173 0.455184 0.314894 0.234 0.174053 -0.1349 -0.0372 "" "" "" "" 168.651 0.847983 455.654 0.856753 "" "" Sp Simbad QSO "" {23} set() True 2.644451519128041
225207.50+044900.0 343.031269 4.816674 4293 55509 598 3 1 2.158 VI 23.9118 22.1863 22.1188 21.9648 21.4757 0.584323 0.0705268 0.101833 0.128001 0.342563 0.270447 0.210731 0.145783 0.108332 0.080579 -0.3532 0.238 2.29917e-32 2.73546e-32 1.50046e-31 1.33559e-31 178.467 0.847741 397.114 0.856773 "" "" Sp Simbad QSO BROADLINE {23} set() True 1.5037199501505811
164021.66+442145.1 250.090269 44.362528 8540 58287 186 0 1 1.088487 PIPE 21.6597 21.3793 21.0574 21.1023 21.0584 0.122083 0.0401863 0.0481417 0.066997 0.247373 0.052199 0.040673 0.028138 0.020909 0.015553 0.3729 2.4913 "" "" "" "" 78.7813 0.840895 231.773 0.852779 "" "" Sp Simbad QSO BROADLINE "{18, 27, 23}" set() True 4.523672773306247
083446.82+350648.9 128.695086 35.113588 10237 58154 500 0 1 0.919621 PIPE 20.4829 20.2394 20.0062 20.2076 19.9255 0.0419301 0.0298283 0.0230312 0.0311867 0.0771635 0.140232 0.109268 0.075591 0.056172 0.041782 0.3992 3.0942 "" "" "" "" 615.044 0.92453 1091.91 0.92173 "" 903678779983969280 Sp Simbad QSO BROADLINE {23} set() True 4.006806164744998
154238.08+363333.4 235.658677 36.559297 4974 56038 904 30 1 1.852 VI 19.7245 19.4085 19.0666 18.8783 18.9146 0.0378724 0.0187554 0.0215923 0.0241194 0.0451418 0.091712 0.071461 0.049437 0.036737 0.027325 -0.036 2.5817 "" "" "" "" 278.379 0.906592 707.618 0.915124 "" 1376133497600857728 Sp Simbad QSO "" "{16, 27, 19, 23}" "{2, 6}" True 6.187491138635377
002923.60+341734.3 7.348368 34.29287 6530 56537 680 3 1 3.012 VI 23.4798 21.5138 21.2409 21.3334 21.1747 0.726079 0.0533697 0.0587143 0.10505 0.298065 0.387194 0.301699 0.208714 0.155097 0.115364 -0.2187 0.5276 "" "" "" "" 64.1082 0.845473 -23.8505 0.0 "" "" Sp Simbad QSO BROADLINE "{16, 17, 18, 19, 23}" set() True 2.2563907858255186
172142.57+534854.8 260.427405 53.815231 359 51821 429 0 1 1.315166 DR6Q_HW 19.4778 19.449 19.1003 18.9039 18.9051 0.0271557 0.0215974 0.0161519 0.0169888 0.0464843 0.136214 0.100225 0.072691 0.05512 0.039081 0.0004 -0.0336 "" "" "" "" 719.273 0.939844 2438.1 0.950054 "" 1419264796138540160 Sp Simbad QSO BROADLINE {23} set() True 7.456347859219203
231405.07+263435.1 348.521144 26.576432 7704 57572 129 0 1 0.558733 PIPE 22.2189 21.8196 21.581 21.381 20.9827 0.183657 0.0498046 0.0585259 0.159399 0.249864 0.343768 0.267862 0.185306 0.137702 0.102425 0.1329 0.5536 "" "" "" "" 280.687 0.843033 562.383 0.855378 "" "" Sp Simbad QSO BROADLINE {23} set() True 2.596395498921255
090208.45+514343.9 135.535238 51.728868 7295 57067 391 0 1 1.791152 PIPE 21.622 21.9371 21.7466 21.5376 23.1964 0.165983 0.0690525 0.113175 0.109931 0.881169 0.07893 0.061501 0.042546 0.031617 0.023517 0.235 0.1689 "" "" "" "" 24.5411 0.845525 116.674 0.854608 "" "" Sp Simbad QSO BROADLINE "{16, 19, 4, 23}" set() False 1.9900868830690321
113623.30+481706.5 174.097084 48.285157 7399 57162 893 0 1 0.969854 PIPE 21.4113 21.2124 22.0115 22.0716 21.5632 0.116262 0.0767528 0.108133 0.191123 0.346167 0.086483 0.067387 0.046618 0.034642 0.025767 -0.0925 2.1937 "" "" "" "" 485.194 0.845295 930.424 0.857025 "" 787384229684592640 Sp Simbad QSO BROADLINE "{16, 19, 23}" set() True 6.4415780909000375
080155.77+325631.9 120.482381 32.942201 891 52584 44 0 1 1.748877 DR6Q_HW 20.545 20.4096 20.2833 20.0397 20.0242 0.0524345 0.0275759 0.0295919 0.0255803 0.078778 0.31313 0.230398 0.167104 0.12671 0.089839 0.0844 0.2662 "" "" "" "" 210.654 0.846738 689.202 0.894646 "" 881223767544050176 Sp Simbad QSO BROADLINE "{27, 23}" set() True 4.568300075609555
080215.27+344108.9 120.563649 34.685811 9355 57814 580 0 1 1.52463 PIPE 20.4813 19.4955 19.0542 18.5977 18.4164 0.0497149 0.0175975 0.0143377 0.0152033 0.031807 0.233443 0.181897 0.125836 0.093509 0.069554 0.0507 1.2275 "" "" "" "" 1350.28 0.939359 4857.93 0.950076 "" 905717446340645632 Sp Simbad QSO BROADLINE "{16, 27, 19, 23}" set() True 20.755130354496053
140556.08+271551.8 211.483674 27.264398 6011 56103 459 3 1 2.212 VI 21.4233 20.9393 20.726 20.8102 20.5814 0.100837 0.0333161 0.038835 0.0536687 0.16514 0.08766 0.068304 0.047252 0.035114 0.026118 0.4579 0.3806 "" "" "" "" 53.4332 0.844388 343.632 0.891974 "" 1260246213279440896 Sp Simbad QSO BROADLINE "{18, 23}" set() True 3.828683789454816
013141.29+253341.8 22.922077 25.561636 7685 57062 276 0 1 1.608115 PIPE 22.0729 21.8715 21.813 21.4116 21.1903 0.173293 0.0577566 0.0729816 0.0718251 0.212131 0.357461 0.278531 0.192687 0.143187 0.106505 0.2658 0.3038 "" "" "" "" 89.9277 0.8455 255.66 0.857804 "" "" Sp Simbad QSO BROADLINE {23} set() True 2.5289748185544334
205232.32-065115.6 313.134673 -6.854336 636 52176 265 0 1 1.508878 DR6Q_HW 18.6323 18.3635 18.2001 17.9833 17.9801 0.0229332 0.0164081 0.0156691 0.0128989 0.0249077 0.356528 0.26233 0.190263 0.144271 0.10229 6.9336 14.4115 "" "" "" "" 1240.86 0.937801 4711.22 0.948903 "" 6910047679944080256 Sp Simbad QSO BROADLINE {23} set() True 15.980558281131755
022617.85-043109.1 36.574395 -4.519198 4387 55534 206 3 1 0.707 VI 19.7964 19.3167 19.1574 19.128 18.9998 0.048076 0.0303352 0.026489 0.0243073 0.0782035 0.115492 0.089991 0.062255 0.046262 0.034411 6.8841 13.575 "" "" "" "" 780.078 0.93709 2278.07 0.94504 J022619.5-043127 2489936096478337536 Sp Simbad QSO BROADLINE "{27, 23}" set() True 10.436438256328197
111810.66+271612.0 169.544428 27.270022 6408 56329 352 3 1 0.292 VI 21.1401 20.5408 19.9161 19.6405 19.1791 0.0650316 0.0237576 0.0269052 0.0336938 0.0486413 0.076745 0.059799 0.041369 0.030741 0.022866 0.4225 0.4719 "" "" "" "" 799.006 0.927342 1709.14 0.931414 "" 3997846788517850752 Sp Simbad QSO "STARBURST BROADLINE" "{16, 19, 23}" set() True 11.806841996246535
110107.86+465141.0 165.282752 46.861407 7392 56992 984 3 1 1.085 VI 21.3387 21.4437 21.1625 21.2557 21.1434 0.106196 0.0442762 0.0591447 0.101992 0.292529 0.04938 0.038476 0.026618 0.01978 0.014713 1.1931 1.9625 "" "" "" "" 239.584 0.88188 504.25 0.891415 "" "" Sp Simbad QSO "" "{16, 19, 23, 25, 27}" set() True 2.0036910379987645
165630.44+460501.5 254.126841 46.083768 8539 58021 37 0 1 0.7972 PIPE 21.0044 20.7591 20.6135 20.6109 20.4893 0.0755356 0.0269296 0.0302131 0.0462646 0.130122 0.071225 0.055498 0.038393 0.02853 0.021221 0.8974 2.5863 "" "" "" "" 255.265 0.909638 549.749 0.916631 "" "" Sp Simbad QSO BROADLINE {23} set() True 4.239952714558346
113741.50+461519.8 174.422939 46.255501 7398 56781 854 3 1 1.977 VI 21.3518 21.1884 21.0737 21.0147 20.5829 0.098463 0.0477866 0.0520412 0.066549 0.162311 0.095876 0.074706 0.051681 0.038404 0.028566 -0.2666 -0.4581 "" "" "" "" 184.333 0.880853 497.237 0.89336 "" 786176171347635328 Sp Simbad QSO BROADLINE "{16, 17, 18, 19, 23, 27}" set() True 4.361374186657542
082552.94+381546.4 126.470597 38.2629 894 52615 86 0 1 0.656177 DR6Q_HW 19.5241 19.2511 19.1412 18.9212 19.0347 0.0303458 0.0181907 0.0151734 0.0260959 0.0359764 0.213874 0.157366 0.114135 0.086545 0.061362 8.2094 12.2568 "" "" "" "" 1738.12 0.945268 4551.29 0.95334 "" 905208548551152384 Sp Simbad QSO BROADLINE "{27, 23}" set() True 10.015037645595937
123748.42+163023.2 189.451789 16.506455 5854 56035 328 3 1 0.727 VI 20.6316 20.2013 20.0501 20.0799 19.8303 0.0548445 0.0333444 0.0271431 0.0334227 0.078103 0.106032 0.08262 0.057156 0.042473 0.031592 1.5341 2.2716 "" "" "" "" 451.065 0.911011 1191.27 0.919292 "" 3935122291558026752 Sp Simbad QSO BROADLINE {23} set() True 5.486324313709291
233637.50+223428.5 354.156263 22.574588 7603 56960 996 0 1 1.456043 PIPE 19.8027 19.7631 19.581 19.3558 19.4093 0.0438171 0.021342 0.0324322 0.0383312 0.0659158 0.250749 0.195382 0.135165 0.100442 0.07471 0.589 3.9108 "" "" "" "" 550.371 0.909868 2098.45 0.937673 "" 2827777983463441408 Sp Simbad QSO BROADLINE "{16, 19, 23, 26, 27}" set() True 8.598955409309072
111205.27+425141.7 168.021997 42.86159 8367 57429 626 0 1 1.426992 PIPE 19.7848 19.6948 19.4384 19.3468 19.5427 0.0333378 0.0350126 0.0204485 0.0261045 0.102594 0.056655 0.044145 0.030539 0.022694 0.01688 0.9794 6.6889 "" "" "" "" 536.698 0.927175 1847.88 0.93776 "" 777968660643470592 Sp Simbad QSO BROADLINE "{27, 23}" set() True 11.990926208649137
093945.88+443643.6 144.941198 44.612114 4695 55957 306 3 1 1.578 VI 20.9481 20.4719 20.4439 20.2583 20.448 0.0584962 0.025891 0.0258037 0.0290145 0.108818 0.055159 0.04298 0.029733 0.022095 0.016435 0.2948 1.9576 "" "" "" "" 325.484 0.906276 1018.94 0.915118 "" 821075220168978304 Sp Simbad QSO BROADLINE "{27, 23}" set() True 4.839979571171829
