tables/01-dr16q_1k_class.ecsv
# %ECSV 1.0
# ---
# datatype:
# - name: SDSS
#   datatype: string
#   description: SDSS-DR16 designation (HHMMSS.ss+DDMMSS.s; J2000) (SDSS_NAME)
#   meta: !!omap
#   - {ucd: ID_MAIN}
#   - {_votable_string_dtype: char}
# - name: RAJ2000
#   unit: deg
#   datatype: float64
#   format: '{:10.6f}'
#   description: Right Ascension (J2000) (RA)
#   meta: !!omap
#   - {ucd: POS_EQ_RA_MAIN}
#   - {width: 10}
#   - {precision: '6'}
# - name: DEJ2000
#   unit: deg
#   datatype: float64
#   format: '{:10.6f}'
#   description: '[-17.53/84.44] Declination (J2000) (DEC)'
#   meta: !!omap
#   - {ucd: POS_EQ_DEC_MAIN}
#   - {width: 10}
#   - {precision: '6'}
# - name: Plate
#   datatype: int32
#   description: Spectroscopic plate number (G1)
#   meta: !!omap
#   - {ucd: ID_PLATE}
#   - {width: 5}
# - name: _tab1_5
#   datatype: int32
#   description: '[51608/58543] Spectroscopic Modified Julian Date (G1)'
#   meta: !!omap
#   - {ucd: TIME_DATE}
#   - {width: 5}
# - name: Fiber
#   datatype: int16
#   description: Spectroscopic fiber number (FIBERID) (G1)
#   meta: !!omap
#   - {ucd: ID_FIBER}
#   - {width: 4}
# - name: Class
#   datatype: int16
#   description: '[0/50]? Object classification from visual inspection (CLASS_PERSON) (2) [NULL integer written as an empty string]'
#   meta: !!omap
#   - {ucd: CLASS_OBJECT}
#   - {width: 2}
#   - values: {'null': -32768}
# - name: QSO
#   datatype: uint8
#   description: '[1/2] Flag indicating quasars included in final catalog (1=QSO; 2=questionable -- see Section 3.6) (IS_QSO_FINAL)'
#   meta: !!omap
#   - {ucd: CODE_MISC}
#   - {width: 1}
# - name: z
#   datatype: float64
#   format: '{:11.6f}'
#   description: '[-0.0027/7.03]? Best available redshift'
#   meta: !!omap
#   - {ucd: REDSHIFT_HC}
#   - {width: 11}
#   - {precision: '6'}
#   - values: {'null': .nan}
# - name: r_z
#   datatype: string
#   description: Source for redshift z (SOURCE_Z) (3)
#   meta: !!omap
#   - {ucd: REFER_CODE}
#   - {_votable_string_dtype: char}
# - name: umag
#   unit: mag
#   datatype: float64
#   format: '{:10.4f}'
#   description: '[14.2/31]? PSF (AB) magnitude in u band (not corrected for Galactic extinction) (PSFMAGu)'
#   meta: !!omap
#   - {ucd: PHOT_SDSS_U}
#   - {width: 10}
#   - {precision: '4'}
#   - values: {'null': .nan}
# - name: gmag
#   unit: mag
#   datatype: float64
#   format: '{:10.4f}'
#   description: '[14.3/26.4]? PSF (AB) magnitude in g band (not corrected for Galactic extinction) (PSFMAGg)'
#   meta: !!omap
#   - {ucd: PHOT_SDSS_G}
#   - {width: 10}
#   - {precision: '4'}
#   - values: {'null': .nan}
# - name: rmag
#   unit: mag
#   datatype: float64
#   format: '{:10.4f}'
#   description: '[14.4/26.6]? PSF (AB) magnitude in r band (not corrected for Galactic extinction) (PSFMAGr)'
#   meta: !!omap
#   - {ucd: PHOT_SDSS_R}
#   - {width: 10}
#   - {precision: '4'}
#   - values: {'null': .nan}
# - name: imag
#   unit: mag
#   datatype: float64
#   format: '{:10.4f}'
#   description: '[14/30]? PSF (AB) magnitude in i band (not corrected for Galactic extinction) (PSFMAGi)'
#   meta: !!omap
#   - {ucd: PHOT_SDSS_I}
#   - {width: 10}
#   - {precision: '4'}
#   - values: {'null': .nan}
# - name: zmag
#   unit: mag
#   datatype: float64
#   format: '{:10.4f}'
[...]
#   - {ucd: PHOT_IR_4.2}
#   - {width: 12}
#   - {precision: E5}
# - name: fracW2
#   datatype: float64
#   format: '{:9.6f}'
#   description: '[-1/1] Fraction of source in the profile-weighted fit (W2_SRC_FRAC)'
#   meta: !!omap
#   - {ucd: FIT_RATIO}
#   - {width: 9}
#   - {precision: '6'}
# - name: _2RXS
#   datatype: string
#   description: 2nd ROSAT identifier ( 2RXS_ID)
#   meta: !!omap
#   - {ucd: ID_CROSSID}
#   - {_votable_string_dtype: char}
# - name: Gaia
#   datatype: int64
#   description: '? Gaia DR2 identifier (GAIA_DESIGNATION) [NULL integer written as an empty string]'
#   meta: !!omap
#   - {ucd: ID_CROSSID}
#   - {width: 19}
#   - values: {'null': -9223372036854775808}
# - name: Sp
#   datatype: string
#   description: Display the SDSS data for this quasar
#   meta: !!omap
#   - {ucd: DATA_LINK}
#   - {_votable_string_dtype: char}
# - name: Simbad
#   datatype: string
#   description: Simbad column added by the CDS
#   meta: !!omap
#   - {ucd: DATA_LINK}
#   - {_votable_string_dtype: char}
# - {name: class, datatype: string}
# - {name: subclass, datatype: string}
# - {name: sppixmask, datatype: string}
# - {name: zwarning, datatype: string}
# - {name: good, datatype: bool}
# - {name: snr, datatype: float64}
# meta: !!omap
# - {ID: VII_289_dr16q}
# - {description: The SDSS quasar-only catalog from DR16 (DR16Q)}
# - {name: VII/289/dr16q}
# schema: astropy-2.0
SDSS RAJ2000 DEJ2000 Plate _tab1_5 Fiber Class QSO z r_z umag gmag rmag imag zmag e_umag e_gmag e_rmag e_imag e_zmag Extu Extg Extr Exti Extz FFUV FNUV FY FJ FH FK FW1 fracW1 FW2 fracW2 _2RXS Gaia Sp Simbad class subclass sppixmask zwarning good snr
[from data line 873]
012633.01+052422.9 21.637569 5.406375 8761 58430 6 0 1 1.804818 PIPE 19.6268 19.5331 19.2303 18.7703 18.7768 0.0367088 0.0171119 0.0197979 0.0174421 0.0465644 0.143751 0.11201 0.077488 0.057582 0.04283 0.1972 1.2655 1.06915e-30 1.01788e-30 1.15194e-30 1.52775e-30 950.383 0.93663 2661.83 0.943736 "" 2563584065366258816 Sp Simbad QSO BROADLINE {23} set() True 13.761575614969797
091325.74+451426.4 138.357285 45.24067 7517 56772 313 30 1 2.02 VI 22.4168 21.4859 20.7181 20.2415 20.0469 0.264952 0.0525797 0.039349 0.0387449 0.0990223 0.053779 0.041905 0.028989 0.021542 0.016023 -0.0085 0.085 "" "" "" "" 267.401 0.884207 771.793 0.918152 "" 818914404942300800 Sp Simbad QSO "" {23} {2} True 4.781784703200369
142208.92+214602.3 215.537171 21.767328 5898 56045 766 3 1 3.289 VI 21.173 19.1934 18.9467 18.8879 18.8983 0.10293 0.0237572 0.0149798 0.016601 0.0452597 0.126808 0.098808 0.068355 0.050795 0.037782 1.0505 1.3587 "" "" "" "" 334.529 0.927461 603.853 0.927099 "" 1252775375365978624 Sp Simbad QSO BROADLINE "{16, 19, 23, 25, 27}" set() True 13.163518353479363
113247.67+574204.4 173.198643 57.701223 8176 57131 724 0 1 1.146601 PIPE 21.3301 21.5548 21.251 21.3418 21.4178 0.101273 0.0671712 0.0640152 0.103194 0.391072 0.060463 0.047112 0.032592 0.024219 0.018015 1.2674 1.898 "" "" "" "" 168.646 0.847216 369.616 0.855223 "" "" Sp Simbad QSO BROADLINE "{16, 25, 19, 23}" set() True 2.7589402563817313
095552.49+501018.4 148.968725 50.171794 7282 56660 599 3 1 2.03 VI 20.5026 20.5088 20.6024 20.5295 20.3293 0.0702974 0.0365112 0.0534893 0.0533131 0.160266 0.049269 0.03839 0.026558 0.019735 0.01468 0.0 0.0 "" "" "" "" 74.1416 0.848651 354.725 0.858101 "" 826868516870686208 Sp Simbad QSO BROADLINE {23} set() True 5.537947792987043
144152.07+445805.5 220.466972 44.968204 8492 58171 568 0 1 1.798686 PIPE 20.7502 20.5245 20.4417 20.2667 20.0641 0.0598256 0.0287951 0.0302675 0.0370821 0.0929712 0.084698 0.065996 0.045656 0.033927 0.025236 -0.0314 1.1112 "" "" "" "" 104.684 0.846591 300.74 0.853255 "" 1493834465007634048 Sp Simbad QSO BROADLINE "{16, 19, 23}" set() True 5.657576152389839
124235.70+105537.7 190.648788 10.927152 5409 55957 248 3 1 0.638 VI 24.2688 21.9105 21.7186 21.1761 20.7739 0.940243 0.0792518 0.139802 0.14189 0.242772 0.101707 0.079249 0.054824 0.04074 0.030303 0.1042 0.0947 3.1039e-31 2.73688e-31 3.03859e-31 4.47082e-31 334.599 0.905459 625.494 0.898953 "" 3927528312637283968 Sp Simbad QSO BROADLINE "{27, 23}" set() True 4.868846282478537
110259.73+390221.5 165.748892 39.039307 8820 57449 154 0 1 1.61106 PIPE 20.7266 20.3747 20.1732 19.8552 19.8808 0.0553503 0.0199027 0.022847 0.0250872 0.0737665 0.074973 0.058419 0.040414 0.030032 0.022338 2.1212 4.1931 "" "" "" "" 397.132 0.909459 1016.11 0.917125 "" 776890658211296896 Sp Simbad QSO BROADLINE {23} set() True 8.93590566827832
132607.13+192201.2 201.529722 19.367005 5866 56035 684 3 1 0.781 VI 21.3245 20.8132 20.8636 20.9995 20.3302 0.0965431 0.0366021 0.0367198 0.0521965 0.126037 0.086658 0.067524 0.046713 0.034712 0.02582 1.9421 4.107 "" "" "" "" 318.823 0.906801 780.822 0.914834 "" 3939176190929295360 Sp Simbad QSO BROADLINE "{16, 18, 19, 23, 26, 27}" set() True 7.4592930515266485
022825.90+050415.5 37.107956 5.070993 8731 57416 590 0 1 1.161015 PIPE 21.3722 21.3745 20.6347 20.5376 20.507 0.089003 0.0442216 0.0346644 0.0436047 0.131911 0.338253 0.263564 0.182333 0.135493 0.100782 -0.0454 -0.1279 2.10149e-31 3.33408e-31 3.6065e-31 6.31336e-31 521.102 0.926829 1343.0 0.93063 "" 2516231535532229376 Sp Simbad QSO "" "{27, 23}" set() True 4.8051332502977155
142921.86+320624.6 217.341099 32.106854 3864 55649 170 3 1 3.094 VI 21.6688 19.0563 18.8031 18.8483 18.7275 0.121444 0.0208497 0.0151949 0.0212693 0.0345867 0.038909 0.030317 0.020973 0.015585 0.011593 0.0 0.0 "" "" "" "" 534.951 0.927911 1156.8 0.934472 "" 1286997674781798528 Sp Simbad QSO BROADLINE {23} set() True 13.556668785730668
114017.32+124138.9 175.072181 12.694154 5376 55987 54 3 1 1.847 VI 21.9588 21.4557 21.4098 21.1857 21.8716 0.226603 0.0640557 0.0784447 0.0759684 0.618618 0.144146 0.112318 0.077701 0.05774 0.042948 -0.0843 -0.1086 1.3906e-31 1.9227e-31 2.72943e-31 1.71627e-31 124.768 0.848637 279.864 0.858156 "" "" Sp Simbad QSO BROADLINE "{18, 27, 23}" set() True 1.1284074243896332
103527.93+195941.4 158.866397 19.994837 5885 56036 794 3 1 0.737 VI 20.5285 20.1278 20.0047 20.0392 19.8029 0.0458103 0.0300276 0.0226699 0.0334859 0.0666384 0.11689 0.09108 0.063009 0.046822 0.034827 2.3614 7.0063 "" "" "" "" 864.065 0.928272 2516.03 0.938016 "" 3987267867455579520 Sp Simbad QSO BROADLINE "{16, 19, 23, 25, 27}" set() True 13.504569446362305
013403.93-055821.8 23.516387 -5.972744 7048 56575 162 3 1 2.239 VI 22.1802 20.9394 20.8062 20.5282 19.9297 0.231473 0.0355253 0.0387162 0.042285 0.0819 0.150426 0.117211 0.081086 0.060256 0.044819 -0.236 0.4428 "" "" "" "" 259.341 0.880744 555.975 0.891762 "" 2478865320056558080 Sp Simbad QSO BROADLINE {23} set() True 4.153355075125615
120808.11+394610.0 182.033817 39.769469 4700 55709 810 3 1 2.592 VI 21.3119 20.6403 20.7287 20.7958 20.3432 0.0805368 0.024496 0.0315276 0.0471113 0.120751 0.12549 0.097781 0.067644 0.050267 0.037389 -0.2551 -0.1937 "" "" "" "" 50.5759 0.845078 112.641 0.853548 "" 1536028777774740608 Sp Simbad QSO BROADLINE "{16, 27, 19, 23}" set() True 5.407466230791254
221645.68-010627.7 334.190345 -1.107718 4201 55443 448 3 1 2.164 VI 21.819 21.5432 21.5669 21.4486 21.0436 0.162693 0.0587262 0.0694048 0.0953689 0.28465 0.36311 0.282933 0.195731 0.145449 0.108188 -0.0106 0.2513 1.56419e-31 1.02925e-31 1.27958e-31 1.93555e-31 46.1208 0.840567 205.05 0.846327 "" "" Sp Simbad QSO BROADLINE {23} set() True 1.4535609101071636
140224.02+390118.3 210.600091 39.021754 4711 55737 644 3 1 2.46 VI 21.1635 20.7184 20.6994 20.8283 20.585 0.0872427 0.041792 0.0348969 0.0555815 0.18552 0.050559 0.039396 0.027254 0.020252 0.015064 -0.0591 0.3095 "" "" "" "" 87.7181 0.84445 265.622 0.852021 "" 1495968788876188416 Sp Simbad QSO BROADLINE "{16, 18, 19, 23, 25}" set() True 4.158208564575611
132227.87+290528.3 200.616139 29.091215 6489 56329 342 3 1 2.321 VI 21.8234 20.7726 20.5524 20.6179 21.7276 0.166345 0.0296704 0.0370541 0.0632516 0.563736 0.060469 0.047117 0.032595 0.024222 0.018017 0.7266 2.0176 3.10604e-31 2.92939e-31 3.25904e-31 4.34209e-31 104.463 0.847604 262.291 0.8554 "" 1461680828001256448 Sp Simbad QSO BROADLINE {23} set() True 7.200308880773248
011700.82+203150.1 19.253422 20.530587 7630 57006 890 0 1 0.744493 PIPE 23.3527 22.0682 21.6568 21.0889 20.6718 0.510374 0.0750715 0.0813008 0.0654631 0.139062 0.273996 0.213496 0.147696 0.109754 0.081637 -0.1066 0.358 "" "" "" "" 355.453 0.843313 664.996 0.856208 "" "" Sp Simbad QSO "" "{16, 23}" set() True 3.067969215618692
214421.75+261704.8 326.090655 26.284694 7641 57307 468 0 1 1.216597 PIPE 20.4085 20.4985 20.4004 20.2627 20.5402 0.0681012 0.0266628 0.0542613 0.059705 0.217485 0.381389 0.297176 0.205585 0.152772 0.113634 0.0 0.0 "" "" "" "" 12320.4 0.84356 10447.7 0.856414 "" 1799631532278761088 Sp Simbad QSO BROADLINE {23} set() True 9.570167898543545
113520.69+460501.0 173.836221 46.08362 7398 56781 776 3 1 1.497 VI 20.4075 20.3151 20.2085 19.9992 19.9554 0.0586471 0.0296942 0.0301311 0.0338021 0.111613 0.06908 0.053826 0.037237 0.027671 0.020582 3.1702 6.8107 "" "" "" "" 252.364 0.883388 737.404 0.896627 "" 784680461871841920 Sp Simbad QSO BROADLINE "{27, 23}" set() True 5.42388087483547
164329.00+365227.6 250.870835 36.874348 10725 58250 567 0 1 1.540025 PIPE 21.9832 21.5669 21.218 20.8146 20.6087 0.16138 0.0474948 0.0454146 0.0454934 0.127834 0.068158 0.053109 0.03674 0.027302 0.020308 0.0 0.0 "" "" "" "" 184.961 0.879292 529.149 0.895343 "" 1328164485340753664 Sp Simbad QSO BROADLINE "{16, 19, 23}" set() True 3.9568955550525313
141023.20+190008.9 212.596687 19.002482 5894 56039 61 3 1 0.679 VI 21.9856 21.5107 20.9909 20.3893 20.0252 0.170359 0.0422054 0.0477558 0.040093 0.0982197 0.121806 0.09491 0.065659 0.048791 0.036292 -1.0 -1.0 "" "" "" "" 1119.71 0.938005 1477.57 0.935404 "" "" Sp Simbad QSO BROADLINE "{16, 19, 23}" set() True 3.565071427958705
090044.92+385520.3 135.1872 38.922314 4608 55973 790 3 1 0.144 VI 21.2918 20.4937 19.7792 19.3558 19.1687 0.0874192 0.0284908 0.0205312 0.0203476 0.0415925 0.112752 0.087855 0.060778 0.045165 0.033594 -1.0 -1.0 "" "" "" "" 627.089 0.931691 1588.8 0.935897 "" 720021992677381504 Sp Simbad QSO "STARBURST BROADLINE" "{16, 27, 23}" set() True 9.118632945142426
093255.02+390408.4 143.22925 39.069007 8832 57445 148 0 1 0.879291 PIPE 22.2049 21.8311 21.636 22.1693 20.8768 0.217669 0.0647044 0.113848 0.278604 0.261837 0.068029 0.053008 0.036671 0.02725 0.020269 1.7854 1.456 "" "" "" "" 136.795 0.847813 456.391 0.856016 "" "" Sp Simbad QSO "" {23} set() True 2.9369651945220525
020658.99+010145.4 31.745793 1.029289 702 52178 363 0 1 1.021059 DR6Q_HW 20.1647 19.9313 19.6436 19.6725 19.7184 0.0473574 0.0233619 0.0189489 0.0227443 0.0620739 0.136164 0.100188 0.072665 0.0551 0.039066 1.8411 6.8335 3.94804e-31 3.88e-31 4.19145e-31 6.4104e-31 493.271 0.91018 1273.34 0.922117 "" 2508111813959630464 Sp Simbad QSO "" {23} set() True 4.285513747328967
122658.31+555146.0 186.742959 55.862791 6833 56413 842 3 1 2.841 VI 22.2566 21.5319 21.4477 21.4297 22.1739 0.271514 0.0729654 0.0700514 0.0959615 0.566536 0.05167 0.040261 0.027852 0.020697 0.015395 0.8072 0.1804 "" "" "" "" 55.5746 0.843534 125.704 0.85325 "" "" Sp Simbad QSO BROADLINE "{16, 27, 19, 23}" set() True 1.828878975621214
074420.81+151705.2 116.086737 15.284778 4497 55564 232 3 1 2.231 VI 21.5819 21.1896 21.2354 21.2093 20.5831 0.117096 0.0438152 0.0557221 0.0726889 0.148771 0.123359 0.09612 0.066496 0.049413 0.036755 -0.2268 -0.0521 "" "" "" "" 109.523 0.844918 315.79 0.853596 "" "" Sp Simbad QSO BROADLINE "{27, 23}" set() True 3.3662664761685894
142611.95+354230.0 216.549805 35.708344 3860 55269 552 3 1 0.769 VI 21.8433 21.5244 21.481 21.4591 21.1859 0.130287 0.0410106 0.0513563 0.0754044 0.248691 0.057497 0.044801 0.030993 0.023031 0.017131 0.5561 2.2705 "" "" "" "" 182.193 0.879397 317.546 0.890783 "" "" Sp Simbad QSO BROADLINE {23} set() True 2.709481290635348
082445.89+131640.4 126.191237 13.277889 4503 55563 420 3 1 2.367 VI 21.6294 21.1902 21.1214 20.9972 20.6798 0.136326 0.0404227 0.0494732 0.0700038 0.186977 0.158696 0.123655 0.085544 0.063568 0.047283 -0.3518 0.2903 "" "" "" "" 89.7182 0.842713 165.914 0.849553 "" "" Sp Simbad QSO BROADLINE {23} set() True 4.262793215614478
023600.48+011113.4 39.002027 1.187061 6781 56575 748 30 1 1.815 VI 20.4671 20.259 20.2069 19.8538 19.7666 0.060221 0.0284651 0.0255396 0.0320525 0.0624201 0.110525 0.08612 0.059577 0.044272 0.032931 0.0 0.0 3.41293e-31 3.63797e-31 3.72363e-31 4.51947e-31 241.309 0.881326 655.937 0.895149 "" 2502086730757748992 Sp Simbad QSO BROADLINE "{16, 27, 19, 23}" set() True 11.366637310387913
144909.20+453052.7 222.288369 45.514643 8492 58171 861 0 1 0.843902 PIPE 21.8845 21.7229 21.4308 21.4054 20.994 0.148254 0.0517637 0.051164 0.0744851 0.178566 0.069406 0.054081 0.037413 0.027802 0.020679 0.319 0.8922 "" "" "" "" 100.403 0.84486 176.157 0.855792 "" "" Sp Simbad QSO "" "{16, 19, 23}" set() True 2.329556458747956
120536.50+513438.3 181.402102 51.577321 8225 57375 842 0 1 1.697855 PIPE 21.949 21.7712 21.6686 21.5462 21.5177 0.147138 0.0620213 0.0812866 0.115956 0.405331 0.100057 0.077964 0.053935 0.04008 0.029812 0.1171 0.257 "" "" "" "" 117.239 0.847937 205.063 0.857211 "" "" Sp Simbad QSO "" "{16, 27, 19, 23}" set() True 1.7121861637330562
005749.02+173402.0 14.454283 17.567242 7623 56901 243 3 1 2.858 VI 23.9702 22.1649 21.9771 22.1068 22.0789 0.796132 0.0660836 0.0938608 0.163282 0.493063 0.296309 0.230882 0.159723 0.118691 0.088284 -0.3347 0.0856 "" "" "" "" 77.2117 0.844774 226.202 0.852772 "" "" Sp Simbad QSO BROADLINE {23} set() True 2.154965372916431
234212.50+110212.1 355.552115 11.036711 11555 58452 620 0 1 2.112921 PIPE 21.2496 21.0325 21.0929 20.7743 20.9446 0.083509 0.0328342 0.0432468 0.0512054 0.192251 0.229399 0.178747 0.123656 0.09189 0.068349 -0.0124 0.1354 1.62539e-31 1.0117e-31 8.50579e-32 1.60351e-31 54.7327 0.843405 116.179 0.850875 "" 2763540322281120768 Sp Simbad QSO BROADLINE "{16, 19, 23}" set() True 3.2682554587191164
150718.01+594416.4 226.825082 59.737892 8423 58198 576 0 1 1.220406 PIPE 22.0032 21.5468 20.9483 20.9274 21.0682 0.148327 0.0488801 0.043175 0.0646901 0.25087 0.043824 0.034148 0.023623 0.017555 0.013057 0.0606 0.0182 "" "" "" "" 191.773 0.881469 648.335 0.916268 "" "" Sp Simbad QSO "" "{16, 19, 23}" set() True 2.7044412958210344
163201.46+424018.1 248.006088 42.671706 6036 56093 604 3 1 2.672 VI 20.2038 19.2506 19.1617 19.0449 18.8737 0.0440795 0.015879 0.0196448 0.0230178 0.0355658 0.049248 0.038374 0.026547 0.019727 0.014673 0.0 0.0 "" "" "" "" 483.351 0.92802 1066.45 0.936372 "" 1405182148130856704 Sp Simbad QSO BROADLINE {23} set() True 8.813449276948088
161737.27+165249.3 244.405328 16.880379 2969 54586 260 0 1 1.4421 DR7QV_SCH 20.3183 19.9324 19.6761 19.4804 19.4693 0.0489725 0.0246028 0.0187478 0.0239021 0.0723432 0.24154 0.177723 0.128899 0.09774 0.069299 0.0864 4.3482 "" "" "" "" 439.369 0.90987 1715.52 0.937634 "" 1198703691318890752 Sp Simbad QSO BROADLINE "{16, 27, 23}" set() True 5.7794824493023365
224157.44+235118.4 340.489366 23.855134 7653 57306 22 0 1 0.548473 PIPE 20.675 20.3821 20.2454 19.8055 19.7071 0.0751026 0.0322232 0.037498 0.0282545 0.071214 0.272269 0.21215 0.146764 0.109062 0.081122 -0.4396 0.0299 "" "" "" "" 527.157 0.910589 764.076 0.907855 "" 1876224650435593984 Sp Simbad QSO BROADLINE {23} set() True 6.540627455178307
003723.18+183505.9 9.346586 18.584985 7588 56903 815 0 1 2.390956 PIPE 21.3146 20.589 20.297 20.2661 20.0028 0.111835 0.0261999 0.0301866 0.0435951 0.10259 0.313711 0.244442 0.169104 0.125662 0.09347 0.3082 0.0418 "" "" "" "" 156.371 0.880952 411.897 0.890052 "" 2794745875321799296 Sp Simbad QSO BROADLINE "{16, 19, 4, 23}" set() False 5.471292162502664
023851.62-040058.1 39.715117 -4.016152 7880 57336 686 0 1 1.393474 PIPE 21.1915 21.6644 21.2098 21.3721 21.1432 0.121113 0.0576079 0.0519238 0.0741082 0.250118 0.129724 0.10108 0.069927 0.051963 0.038651 0.1522 1.1004 "" "" "" "" 183.268 0.848075 484.033 0.893475 "" "" Sp Simbad QSO BROADLINE "{16, 17, 18, 19, 23}" set() True 1.8605328697671293
085538.55+211751.8 133.910647 21.297723 11096 58485 994 0 1 1.869438 PIPE 19.6385 19.619 19.6337 19.4207 19.4229 0.0355869 0.0199098 0.0262362 0.024487 0.0669614 0.109303 0.085168 0.058919 0.043783 0.032567 1.2669 4.1252 "" "" "" "" 268.297 0.87847 760.856 0.894952 "" 685716130379220224 Sp Simbad QSO BROADLINE "{16, 19, 23}" set() True 10.238812557574159
085335.38+334455.8 133.39742 33.74884 10238 58155 600 0 1 2.015 VI 20.5944 20.2745 19.8978 19.7245 19.4506 0.0575298 0.0231022 0.0268083 0.0294493 0.0762967 0.123606 0.096313 0.066629 0.049512 0.036828 0.3807 0.9833 "" "" "" "" 167.945 0.845004 523.183 0.850923 "" 713240376756338560 Sp Simbad QSO BROADLINE "{16, 19, 23}" set() True 7.590482713632337
115455.54+442423.3 178.731448 44.406495 8371 57786 686 3 1 2.721 VI 21.3416 20.5551 20.4954 20.6044 21.0698 0.113888 0.032275 0.0650923 0.142719 0.287635 0.059434 0.046311 0.032038 0.023807 0.017708 0.3447 0.025 "" "" "" "" 132.413 0.907081 391.219 0.90135 "" "" Sp Simbad QSO BROADLINE "{16, 19, 23}" set() True 3.598745396311219
014015.34+130054.0 25.063941 13.015024 11061 58428 758 0 1 0.700523 PIPE 21.7873 21.0213 20.7228 20.5163 20.1535 0.177661 0.0525189 0.0433238 0.0516819 0.13429 0.217007 0.16909 0.116976 0.086926 0.064657 0.24 0.5959 1.52377e-31 2.45443e-31 3.9313e-31 4.90407e-31 294.508 0.882834 563.678 0.891283 "" "" Sp Simbad QSO "" "{16, 19, 23}" set() True 2.727678476719248
