tables/01-dr16q_1k_class.ecsv
# %ECSV 1.0
# ---
# datatype:
# - name: SDSS
#   datatype: string
#   description: SDSS-DR16 designation (HHMMSS.ss+DDMMSS.s; J2000) (SDSS_NAME)
#   meta: !!omap
#   - {ucd: ID_MAIN}
#   - {_votable_string_dtype: char}
# - name: RAJ2000
#   unit: deg
#   datatype: float64
#   format: '{:10.6f}'
#   description: Right Ascension (J2000) (RA)
#   meta: !!omap
#   - {ucd: POS_EQ_RA_MAIN}
#   - {width: 10}
#   - {precision: '6'}
# - name: DEJ2000
#   unit: deg
#   datatype: float64
#   format: '{:10.6f}'
#   description: '[-17.53/84.44] Declination (J2000) (DEC)'
#   meta: !!omap
#   - {ucd: POS_EQ_DEC_MAIN}
#   - {width: 10}
#   - {precision: '6'}
# - name: Plate
#   datatype: int32
#   description: Spectroscopic plate number (G1)
#   meta: !!omap
#   - {ucd: ID_PLATE}
#   - {width: 5}
# - name: _tab1_5
#   datatype: int32
#   description: '[51608/58543] Spectroscopic Modified Julian Date (G1)'
#   meta: !!omap
#   - {ucd: TIME_DATE}
#   - {width: 5}
# - name: Fiber
#   datatype: int16
#   description: Spectroscopic fiber number (FIBERID) (G1)
#   meta: !!omap
#   - {ucd: ID_FIBER}
#   - {width: 4}
# - name: Class
#   datatype: int16
#   description: '[0/50]? Object classification from visual inspection (CLASS_PERSON) (2) [NULL integer written as an empty string]'
#   meta: !!omap
#   - {ucd: CLASS_OBJECT}
#   - {width: 2}
#   - values: {'null': -32768}
# - name: QSO
#   datatype: uint8
#   description: '[1/2] Flag indicating quasars included in final catalog (1=QSO; 2=questionable -- see Section 3.6) (IS_QSO_FINAL)'
#   meta: !!omap
#   - {ucd: CODE_MISC}
#   - {width: 1}
# - name: z
#   datatype: float64
#   format: '{:11.6f}'
#   description: '[-0.0027/7.03]? Best available redshift'
#   meta: !!omap
#   - {ucd: REDSHIFT_HC}
#   - {width: 11}
#   - {precision: '6'}
#   - values: {'null': .nan}
# - name: r_z
#   datatype: string
#   description: Source for redshift z (SOURCE_Z) (3)
#   meta: !!omap
#   - {ucd: REFER_CODE}
#   - {_votable_string_dtype: char}
# - name: umag
#   unit: mag
#   datatype: float64
#   format: '{:10.4f}'
#   description: '[14.2/31]? PSF (AB) magnitude in u band (not corrected for Galactic extinction) (PSFMAGu)'
#   meta: !!omap
#   - {ucd: PHOT_SDSS_U}
#   - {width: 10}
#   - {precision: '4'}
#   - values: {'null': .nan}
# - name: gmag
#   unit: mag
#   datatype: float64
#   format: '{:10.4f}'
#   description: '[14.3/26.4]? PSF (AB) magnitude in g band (not corrected for Galactic extinction) (PSFMAGg)'
#   meta: !!omap
#   - {ucd: PHOT_SDSS_G}
#   - {width: 10}
#   - {precision: '4'}
#   - values: {'null': .nan}
# - name: rmag
#   unit: mag
#   datatype: float64
#   format: '{:10.4f}'
#   description: '[14.4/26.6]? PSF (AB) magnitude in r band (not corrected for Galactic extinction) (PSFMAGr)'
#   meta: !!omap
#   - {ucd: PHOT_SDSS_R}
#   - {width: 10}
#   - {precision: '4'}
#   - values: {'null': .nan}
# - name: imag
#   unit: mag
#   datatype: float64
#   format: '{:10.4f}'
#   description: '[14/30]? PSF (AB) magnitude in i band (not corrected for Galactic extinction) (PSFMAGi)'
#   meta: !!omap
#   - {ucd: PHOT_SDSS_I}
#   - {width: 10}
#   - {precision: '4'}
#   - values: {'null': .nan}
# - name: zmag
#   unit: mag
#   datatype: float64
#   format: '{:10.4f}'
[...]
#   - {ucd: PHOT_IR_4.2}
#   - {width: 12}
#   - {precision: E5}
# - name: fracW2
#   datatype: float64
#   format: '{:9.6f}'
#   description: '[-1/1] Fraction of source in the profile-weighted fit (W2_SRC_FRAC)'
#   meta: !!omap
#   - {ucd: FIT_RATIO}
#   - {width: 9}
#   - {precision: '6'}
# - name: _2RXS
#   datatype: string
#   description: 2nd ROSAT identifier ( 2RXS_ID)
#   meta: !!omap
#   - {ucd: ID_CROSSID}
#   - {_votable_string_dtype: char}
# - name: Gaia
#   datatype: int64
#   description: '? Gaia DR2 identifier (GAIA_DESIGNATION) [NULL integer written as an empty string]'
#   meta: !!omap
#   - {ucd: ID_CROSSID}
#   - {width: 19}
#   - values: {'null': -9223372036854775808}
# - name: Sp
#   datatype: string
#   description: Display the SDSS data for this quasar
#   meta: !!omap
#   - {ucd: DATA_LINK}
#   - {_votable_string_dtype: char}
# - name: Simbad
#   datatype: string
#   description: Simbad column added by the CDS
#   meta: !!omap
#   - {ucd: DATA_LINK}
#   - {_votable_string_dtype: char}
# - {name: class, datatype: string}
# - {name: subclass, datatype: string}
# - {name: sppixmask, datatype: string}
# - {name: zwarning, datatype: string}
# - {name: good, datatype: bool}
# - {name: snr, datatype: float64}
# meta: !!omap
# - {ID: VII_289_dr16q}
# - {description: The SDSS quasar-only catalog from DR16 (DR16Q)}
# - {name: VII/289/dr16q}
# schema: astropy-2.0
SDSS RAJ2000 DEJ2000 Plate _tab1_5 Fiber Class QSO z r_z umag gmag rmag imag zmag e_umag e_gmag e_rmag e_imag e_zmag Extu Extg Extr Exti Extz FFUV FNUV FY FJ FH FK FW1 fracW1 FW2 fracW2 _2RXS Gaia Sp Simbad class subclass sppixmask zwarning good snr
011038.20-004750.2 17.659192 -0.797284 7875 56980 606 0 1 1.454324 PIPE 21.6054 21.4195 21.1258 20.7786 20.6651 0.107243 0.0418256 0.0430706 0.0459181 0.118955 0.133143 0.103744 0.07177 0.053333 0.03967 0.1217 0.9385 1.51597e-31 2.35575e-31 3.01869e-31 3.24896e-31 133.492 0.848283 533.371 0.89165 "" 2532986787069382144 Sp Simbad QSO BROADLINE "{27, 23}" set() True 3.5506450787574013
074325.64+325500.5 115.85687 32.916821 9365 57749 385 3 1 1.085 VI 22.4927 22.2074 21.6756 21.603 21.0151 0.196853 0.0643174 0.0589723 0.0703524 0.144089 0.180757 0.140845 0.097436 0.072405 0.053856 0.2427 0.3749 "" "" "" "" 242.802 0.846516 415.836 0.853221 "" "" Sp Simbad QSO "" {23} {2} True 1.1169608473719579
144300.02+551002.3 220.750085 55.16731 6711 56388 716 3 1 2.293 VI 22.1664 21.3038 21.1089 21.2856 20.9127 0.161684 0.0434412 0.0551449 0.106654 0.251805 0.066725 0.051991 0.035967 0.026728 0.01988 -0.2282 0.1613 "" "" "" "" 67.5001 0.848067 287.203 0.857085 "" "" Sp Simbad QSO BROADLINE "{16, 19, 23}" set() True 3.9312597494296577
001506.86+021047.6 3.778608 2.179915 7853 56988 898 0 1 1.238905 PIPE 20.0844 20.2391 19.8392 19.8148 19.8975 0.041342 0.0245178 0.0233502 0.0250875 0.071048 0.129162 0.100642 0.069624 0.051738 0.038483 0.7273 4.8683 4.3129e-31 4.82319e-31 7.65948e-31 6.83137e-31 784.357 0.928406 2392.27 0.937647 "" 2548232546580924672 Sp Simbad QSO BROADLINE "{27, 23}" set() True 9.415525186909598
231212.46+312253.4 348.051944 31.381527 7764 58042 69 0 1 1.352666 PIPE 20.3849 20.3479 19.7603 19.6188 19.5765 0.0461564 0.0181568 0.0177998 0.0250565 0.0682505 0.319405 0.248878 0.172173 0.127943 0.095166 1.2545 3.0857 "" "" "" "" 264.822 0.882234 909.13 0.89528 "" 1909842871291273984 Sp Simbad QSO BROADLINE "{18, 23}" set() True 10.432438984992652
125650.85+574700.1 194.211891 57.783376 8213 58487 292 0 1 0.540363 PIPE 21.613 21.3419 21.0642 20.5918 20.2888 0.127976 0.0471451 0.0475492 0.047931 0.119259 0.052457 0.040874 0.028277 0.021013 0.01563 2.4283 2.7247 "" "" "" "" 369.589 0.924773 706.223 0.921861 "" "" Sp Simbad QSO "" {23} set() True 2.8094791557669834
102816.32+302945.9 157.068004 30.496086 11383 58485 387 0 1 1.612184 PIPE 21.6755 21.5629 21.6922 21.7425 21.5773 0.13466 0.0638533 0.0860728 0.219348 0.388323 0.075934 0.059167 0.040932 0.030417 0.022624 1.2347 1.7088 "" "" "" "" 111.055 0.843342 345.303 0.854877 "" "" Sp Simbad QSO "" {23} set() True 1.6567472481501833
141907.66+350900.1 214.781948 35.15005 3859 55246 356 3 1 1.436 VI 20.6336 20.2456 19.6718 19.3594 19.2067 0.0527081 0.0223513 0.0188363 0.0206351 0.0547091 0.070443 0.054888 0.037972 0.028217 0.020988 0.1579 0.9151 "" "" "" "" 502.973 0.927103 1452.94 0.936341 "" 1480660322842263424 Sp Simbad QSO "" {23} set() True 11.524729690957919
222452.89+081621.2 336.220402 8.272581 5069 56211 966 3 1 2.54 VI 20.3856 19.7475 19.6501 19.6564 19.3652 0.0542242 0.0229989 0.0217977 0.0255582 0.0641924 0.433263 0.337595 0.233547 0.17355 0.12909 0.1306 0.4609 "" "" "" "" 209.768 0.846098 579.274 0.890608 "" 2710599249721097344 Sp Simbad QSO BROADLINE "{16, 27, 19, 23}" set() True 7.254851393255419
101133.57+355818.4 152.889884 35.971783 1951 53389 580 0 1 0.525855 DR6Q_HW 19.6721 19.3533 19.2661 18.9723 18.8969 0.0325305 0.0216504 0.0183822 0.0168499 0.0339779 0.065292 0.048041 0.034843 0.026421 0.018733 -1.0 -1.0 "" "" "" "" 2232.75 0.946376 5200.1 0.953651 "" 753578198499569024 Sp Simbad QSO BROADLINE {23} set() True 7.963829539842304
220316.33+300521.0 330.818075 30.089173 7707 57663 888 0 1 1.164726 PIPE 21.5795 21.3238 20.9452 20.9502 21.0886 0.11313 0.0392596 0.0500786 0.0694151 0.277483 0.459475 0.35802 0.247677 0.18405 0.1369 0.0 0.0 "" "" "" "" 165.688 0.843149 380.812 0.856423 "" "" Sp Simbad QSO "" "{16, 19, 23}" set() True 3.6864361695659094
083505.71+254422.3 128.773794 25.739543 11123 58429 415 0 1 1.388865 PIPE 21.1217 21.143 20.571 20.2435 20.1662 0.0672727 0.0349771 0.0401236 0.0318587 0.085409 0.149342 0.116366 0.080501 0.059821 0.044496 0.1466 2.5636 "" "" "" "" 210.137 0.848128 595.813 0.89053 "" 702871810309146240 Sp Simbad QSO BROADLINE {23} set() True 8.56807301085951
231012.84+211805.6 347.553533 21.301566 7610 56980 650 0 1 0.542202 PIPE 22.0029 21.6231 21.19 20.8531 20.2876 0.154054 0.0440222 0.047604 0.0508901 0.11627 0.812678 0.633233 0.438068 0.325531 0.242135 0.016 0.613 "" "" "" "" 355.286 0.908997 817.387 0.907734 "" 2838447300702280320 Sp Simbad QSO BROADLINE "{27, 23}" set() True 5.436424115226798
114510.76+464914.9 176.294866 46.82082 7402 56810 132 3 1 0.734 VI 20.7735 20.3856 20.0114 19.4998 19.1594 0.059089 0.0264981 0.0291558 0.0247902 0.0476563 0.085661 0.066746 0.046175 0.034313 0.025522 2.1751 2.6829 "" "" "" "" 595.282 0.938129 840.636 0.931908 "" 786132122167564160 Sp Simbad GALAXY "" {23} set() True 6.972538820998151
161849.22+572047.9 244.705109 57.34666 8067 58253 886 0 1 2.110529 PIPE 21.1138 20.9312 20.8681 20.8271 20.5274 0.0779811 0.0334769 0.035892 0.0479048 0.143885 0.034832 0.027141 0.018776 0.013952 0.010378 0.0 0.0 "" "" "" "" 156.531 0.882068 417.011 0.894615 "" 1622054150919746304 Sp Simbad QSO "" "{16, 19, 23}" set() True 5.909488884106911
110058.51+624122.3 165.24382 62.689552 7104 56711 182 3 1 2.101 VI 20.1347 20.0201 19.8482 19.6499 19.452 0.0365205 0.0276939 0.0250676 0.0292047 0.0632445 0.061383 0.047829 0.033088 0.024588 0.018289 0.0 0.0 "" "" "" "" 212.261 0.883619 781.102 0.896823 "" 1054311224449985920 Sp Simbad QSO BROADLINE {23} set() True 5.043476952311549
110928.18+505342.2 167.367427 50.895058 8161 57127 998 0 1 1.532547 PIPE 21.381 21.1963 20.9496 20.5983 20.548 0.0926672 0.0375407 0.0517419 0.0545105 0.151197 0.071862 0.055994 0.038736 0.028785 0.021411 0.7015 1.8072 "" "" "" "" 142.86 0.910822 452.869 0.916991 "" 838925241692347776 Sp Simbad QSO BROADLINE "{16, 19, 23}" set() True 6.6418141312598085
021447.46+062040.4 33.697788 6.344565 8733 58396 989 0 1 2.734007 PIPE 22.1623 20.9131 20.4229 20.1833 19.987 0.175449 0.0463272 0.0318658 0.0384898 0.116794 0.22885 0.178319 0.12336 0.09167 0.068185 -0.0171 -0.0587 "" "" "" "" 169.3 0.846265 550.29 0.891701 "" "" Sp Simbad QSO BROADLINE "{16, 27, 19, 23}" set() True 2.187278261502307
085609.92+565714.5 134.041369 56.954055 7279 57071 629 0 1 0.186992 PIPE 18.4088 18.3703 18.0326 17.6065 17.5635 0.024213 0.0180942 0.0159982 0.0183903 0.0248857 0.131446 0.102422 0.070855 0.052653 0.039164 -1.0 -1.0 "" "" "" "" 5159.96 0.95425 11330.3 0.959933 "" 1037102183849223296 Sp Simbad QSO BROADLINE "{27, 23}" set() True 34.097468411378024
115156.64+441829.7 177.986018 44.308256 8371 57786 572 0 1 1.918172 PIPE 20.7089 20.6846 20.5747 20.3194 20.3127 0.0673063 0.0304666 0.0374604 0.0513622 0.124082 0.088722 0.069131 0.047825 0.035539 0.026434 0.1611 1.5426 "" "" "" "" 282.618 0.908213 739.242 0.916206 "" 772991102784730240 Sp Simbad QSO BROADLINE "{16, 19, 23}" set() True 4.748005334904272
130557.55+410140.5 196.489811 41.027918 4704 55681 62 3 1 1.555 VI 22.0021 21.6332 21.5315 21.5237 22.0269 0.206224 0.0621809 0.0930218 0.11211 0.526228 0.071396 0.055631 0.038485 0.028599 0.021272 0.4977 1.0775 "" "" "" "" 48.5776 0.842935 125.898 0.843286 "" "" Sp Simbad QSO BROADLINE {23} set() True 1.3270787731088287
234057.58+130903.5 355.239937 13.15099 6150 56187 524 3 1 2.518 VI 21.1554 20.5104 20.2611 20.3551 20.1391 0.100173 0.0268231 0.0311132 0.0420062 0.122539 0.219594 0.171107 0.118371 0.087962 0.065428 -0.3624 -0.0752 2.55311e-31 2.95508e-31 2.94673e-31 5.08478e-31 117.21 0.845511 466.919 0.856094 "" 2764841216335193984 Sp Simbad QSO BROADLINE "{27, 23}" set() True 6.043919455349222
011608.80+011346.5 19.03667 1.229588 1081 52531 620 0 1 1.590745 DR6Q_HW 20.6984 20.4083 20.1434 19.8928 19.8268 0.0597011 0.0279757 0.0234739 0.026615 0.0772392 0.17129 0.126033 0.09141 0.069313 0.049144 -0.0791 1.5893 3.38727e-31 4.01655e-31 5.46312e-31 5.317e-31 259.559 0.880876 743.276 0.895365 "" 2535304282702672256 Sp Simbad QSO BROADLINE {23} set() True 3.0363187710120005
162119.48+102824.9 245.331197 10.473604 2531 54572 223 0 1 1.8307 DR7QV_SCH 19.7136 19.5518 19.4861 19.197 19.2554 0.036286 0.0362279 0.0714828 0.0609643 0.0684892 0.286996 0.211169 0.153157 0.116135 0.082341 0.0644 0.8428 "" "" "" "" 386.595 0.925662 1088.07 0.91884 "" 4453657855030066816 Sp Simbad QSO BROADLINE {23} set() True 7.184666026201242
150704.26+591136.5 226.767764 59.193481 8417 58175 998 0 1 1.926207 PIPE 21.3288 21.1198 21.457 20.9946 20.7506 0.104217 0.0375853 0.0671861 0.0720517 0.204032 0.048525 0.03781 0.026157 0.019438 0.014458 0.3777 1.131 "" "" "" "" 67.0719 0.842745 135.0 0.852374 "" "" Sp Simbad QSO BROADLINE "{16, 27, 19, 23}" set() True 1.482583123219261
102842.59+600114.3 157.17747 60.020644 559 52316 609 0 1 1.282606 DR6Q_HW 20.112 20.2586 19.9841 20.0023 20.0362 0.0464581 0.0421244 0.0307457 0.038692 0.111775 0.039343 0.028948 0.020996 0.01592 0.011288 0.3605 3.6331 "" "" "" "" 193.67 0.878492 718.272 0.895165 J102847.2+600050 1047623307535521664 Sp Simbad QSO BROADLINE {23} set() True 3.1648413871395404
130635.36+292505.9 196.647366 29.418329 6483 56341 882 3 1 1.932 VI 20.7518 20.5367 20.4264 20.1398 19.9073 0.0616407 0.0242004 0.0296759 0.0314678 0.0884647 0.045994 0.035838 0.024793 0.018424 0.013704 0.0002 0.3447 3.6988e-31 3.92847e-31 2.7364e-31 3.72624e-31 273.615 0.908933 860.02 0.919304 "" 1461364684048790912 Sp Simbad QSO BROADLINE {23} set() True 8.568217198724986
161606.01+363614.4 244.025064 36.60401 1056 52764 156 0 1 1.366274 DR6Q_HW 20.0773 19.9891 19.8781 19.9359 19.9135 0.0470038 0.0229516 0.0229571 0.0329407 0.115688 0.062924 0.046299 0.03358 0.025463 0.018053 0.6691 2.173 "" "" "" "" 295.604 0.909484 1005.29 0.922283 "" 1330535616526032128 Sp Simbad QSO BROADLINE {23} set() True 5.930249623589346
030614.42+003306.6 46.560096 0.551835 709 52205 625 0 1 3.267093 DR6Q_HW 24.3621 20.9172 20.4196 20.2028 19.9439 0.711212 0.0298241 0.0296811 0.0344363 0.0771802 0.413963 0.30459 0.220914 0.167512 0.118768 -0.0344 0.0057 "" "" "" "" 116.569 0.84461 264.751 0.853679 "" 3266712542919341056 Sp Simbad QSO "" "{27, 23}" set() True 2.270032257152164
074941.40+294700.0 117.422513 29.783343 10291 58101 246 0 1 1.559752 PIPE 21.9307 21.6396 21.4566 21.3195 21.2957 0.163578 0.0549313 0.065471 0.0747207 0.241242 0.208609 0.162547 0.112449 0.083562 0.062155 0.341 0.7594 "" "" "" "" 100.533 0.844708 294.646 0.85264 "" "" Sp Simbad QSO BROADLINE {23} set() True 2.1178828350832632
010659.67+204637.0 16.748665 20.776971 7624 57039 928 0 1 0.299657 PIPE 19.1144 18.7252 18.3918 18.2332 17.8992 0.0381131 0.0277867 0.0156147 0.020828 0.028089 0.139522 0.108715 0.075208 0.055888 0.04157 0.0 0.0 "" "" "" "" 2016.73 0.946041 5117.9 0.953126 "" 2790309238528912384 Sp Simbad QSO "STARBURST BROADLINE" "{27, 23}" set() True 29.953584767864573
123429.21+364411.5 188.621718 36.736542 3969 55307 420 3 1 2.298 VI 22.9024 21.8281 21.8062 21.673 21.4382 0.284024 0.0520656 0.0753623 0.106029 0.281388 0.064383 0.050167 0.034705 0.02579 0.019183 -0.1966 -0.0541 "" "" "" "" 49.851 0.844961 108.654 0.852898 "" "" Sp Simbad QSO BROADLINE "{27, 23}" set() True 1.8972674759101849
083739.19+055424.3 129.413313 5.906752 1187 52708 424 0 1 0.786939 DR6Q_HW 20.783 20.4206 20.3128 20.2293 20.1125 0.0647153 0.0253864 0.0298006 0.0429783 0.155308 0.166676 0.122638 0.088948 0.067446 0.04782 0.0 0.0 2.92202e-31 3.93454e-31 5.52159e-31 6.53427e-31 423.369 0.907406 851.206 0.90692 "" 594614548271615616 Sp Simbad QSO "" "{16, 23}" set() True 2.584550350081657
022817.98+020337.4 37.074947 2.060408 7827 57278 860 0 1 1.263856 PIPE 21.183 20.9187 20.653 20.5124 20.2091 0.083645 0.034815 0.03051 0.0390506 0.0931067 0.131808 0.102704 0.07105 0.052798 0.039272 -0.3039 2.2369 2.72644e-31 2.74564e-31 3.25066e-31 4.79545e-31 300.971 0.882788 863.241 0.89625 "" 2503176587298527104 Sp Simbad QSO BROADLINE "{16, 27, 19, 23}" set() True 5.330176739250847
073555.71+283125.8 113.982141 28.523841 4456 55537 686 30 1 2.52 VI 20.6924 20.0678 19.8362 19.7014 19.5158 0.0679834 0.0204959 0.0190675 0.0259495 0.061534 0.200571 0.156283 0.108116 0.080342 0.05976 -0.2228 0.7331 "" "" "" "" 145.634 0.844913 384.979 0.856517 "" 872567961038016256 Sp Simbad QSO BROADLINE "{16, 18, 19, 23}" set() True 9.301452526696377
141933.46+512700.6 214.889453 51.450179 8406 57513 564 0 1 1.024813 PIPE 20.8459 20.8829 20.5975 20.6769 20.4499 0.0768312 0.034485 0.0358022 0.0572389 0.183715 0.049162 0.038307 0.0265 0.019693 0.014648 0.0 2.3325 "" "" "" "" 192.879 0.881855 457.872 0.893689 "" 1604791268609545216 Sp Simbad QSO BROADLINE {23} set() True 5.855364358022185
132713.98+453335.7 201.80827 45.559925 7407 56772 392 3 1 1.079 VI 20.3029 20.1623 19.9193 19.9227 19.9957 0.047946 0.0279975 0.0315479 0.0342911 0.112765 0.085408 0.066549 0.046039 0.034212 0.025447 3.0038 6.4218 "" "" "" "" 247.616 0.881938 753.682 0.89433 "" 1550298785140447872 Sp Simbad QSO BROADLINE "{25, 23}" set() True 11.48197191582457
021947.13-043754.7 34.946397 -4.631872 6369 56217 425 3 1 1.628 VI 20.3607 20.1416 20.0832 19.8951 19.9082 0.0597235 0.0307517 0.0288515 0.0303282 0.0855237 0.094313 0.073488 0.050839 0.037779 0.0281 -0.0226 1.5422 "" "" "" "" 114.076 0.848357 430.63 0.891583 "" 2489710700890133760 Sp Simbad QSO BROADLINE "{18, 27, 23}" set() True 4.921454344466839
083056.79+523413.3 127.736657 52.57038 7302 57012 616 0 1 1.319253 PIPE 21.3505 21.2596 20.8214 20.7462 20.3962 0.103215 0.0439 0.045106 0.058787 0.16205 0.203422 0.158505 0.109653 0.081484 0.060609 0.2885 0.2159 "" "" "" "" 265.268 0.844547 672.702 0.85491 "" 1028646316660179712 Sp Simbad QSO BROADLINE "{27, 23}" set() True 3.758086148869056
140327.06+372110.3 210.862768 37.352881 10760 58224 545 0 1 3.026243 PIPE 22.5219 21.2821 21.0211 20.8062 20.8701 0.247167 0.0356223 0.0440202 0.0504977 0.224393 0.026618 0.020741 0.014348 0.010662 0.007931 0.0 0.0 "" "" "" "" 31.6465 0.843613 47.7147 0.851667 "" 1483800631132190464 Sp Simbad QSO BROADLINE "{16, 18, 19, 23}" set() True 2.1918846935777405
134307.39+513251.3 205.78082 51.547609 8209 57427 540 0 1 1.278835 PIPE 21.3198 21.5308 21.1047 21.0081 21.196 0.0988695 0.0503831 0.040264 0.0522759 0.211247 0.037091 0.028901 0.019994 0.014858 0.011051 -0.4931 2.4768 "" "" "" "" 150.638 0.84864 301.038 0.893787 "" "" Sp Simbad QSO "" {23} set() True 2.917811216959225
001023.33+183206.3 2.597214 18.535097 7594 56947 173 0 1 0.899276 PIPE 19.95 19.3208 18.8577 18.7482 18.4981 0.043547 0.02445 0.0178819 0.0194817 0.0368416 0.151574 0.118105 0.081705 0.060715 0.045161 -0.287 6.0431 "" "" "" "" 1379.56 0.939773 4500.74 0.949342 "" 2797180533367947264 Sp Simbad QSO BROADLINE {23} set() True 14.3401374803628
110103.28+500250.3 165.263698 50.047331 8161 57127 344 3 1 1.27 VI 21.3536 21.4164 21.1551 21.4086 21.2018 0.0966692 0.0411843 0.0476916 0.0808206 0.228815 0.052748 0.041101 0.028434 0.021129 0.015716 0.0945 0.909 "" "" "" "" 56.2859 0.843728 154.441 0.853509 "" "" Sp Simbad QSO "" "{25, 23}" set() True 1.8264713176137242
001501.19+245609.7 3.754963 24.936037 7663 57328 706 0 1 1.450246 PIPE 21.8761 21.5218 21.2362 20.9438 20.7472 0.134485 0.0442071 0.0433921 0.050141 0.15584 0.163551 0.127438 0.088161 0.065513 0.04873 -0.1121 0.1365 "" "" "" "" 244.372 0.881804 882.858 0.895915 "" "" Sp Simbad QSO "" "{25, 27, 23}" set() True 3.343184685347307
105854.78+385224.5 164.72827 38.873487 8820 57449 336 0 1 1.457088 PIPE 21.2964 21.3818 21.178 21.0337 21.328 0.0853828 0.039973 0.0444606 0.0612816 0.255119 0.084367 0.065738 0.045477 0.033794 0.025137 -0.2051 1.4432 "" "" "" "" 198.051 0.84732 600.093 0.894812 "" 775425425823435392 Sp Simbad QSO BROADLINE {23} set() True 4.546978669706102
234235.73+260942.2 355.648909 26.161724 6516 56571 272 3 1 2.309 VI 22.8968 22.2156 22.4768 22.2845 21.3637 0.444613 0.0860872 0.179234 0.239539 0.40354 0.332159 0.258816 0.179048 0.133052 0.098966 -0.0116 -0.0604 "" "" "" "" 36.2215 0.843132 57.6921 0.850917 "" "" Sp Simbad QSO "" "{18, 23}" set() True 1.401279664042148
